12120
-81 56
72 29
8 87
87 -24
89 16
75 99
-1 -86
-61 -39
-71 49
10 45
-90 -52
-13 1
7 85
10 0
-5 -87
69 55
-64 14
2 -7
69 44
-87 -11
-60 10
25 88
-51 40
-59 16
-87 -69
-21 51
-96 -77
61 19
71 11
24 -77
78 -34
81 -54
-9 66
-38 -65
-24 -87
23 -25
-37 -32
60 -100
16 -35
-4 -99
52 29
5 75
-6 8
-81 -82
-59 -83
-16 -4
-6 71
37 -35
-48 85
98 99
-73 28
48 -26
-26 -10
7 9
10 43
-76 -97
31 -85
23 29
-1 77
95 43
91 40
-37 -21
-4 -15
-30 -100
52 48
-72 -79
-5 79
-79 76
-15 21
-84 29
32 48
63 -59
22 -85
93 -62
33 -78
14 40
-81 24
-91 78
30 -33
-85 -68
-47 -66
65 95
23 0
73 87
16 61
9 90
-69 -100
68 -76
-38 53
27 61
-47 96
-28 -58
72 -28
-9 -18
-34 -46
-11 -42
-47 19
71 -46
93 76
-11 44
34 -39
-38 98
74 65
-29 -70
43 -63
85 98
92 96
-80 -43
-9 16
71 -37
21 57
-72 -88
-82 74
2 99
44 64
-75 92
42 -70
96 -13
-31 17
6 -81
-83 64
12 -57
-48 62
-22 -16
47 44
-47 -99
65 -32
94 -66
85 36
0 -3
-59 29
12 25
65 35
-48 8
-21 86
51 10
53 -4
-90 -85
0 -94
2 -11
-58 -53
16 7
41 -92
-4 10
59 27
-92 96
-27 52
-12 20
80 90
77 -8
-97 -41
8 -20
-5 8
14 18
59 95
-57 68
-24 54
62 59
-79 69
-52 -90
-94 33
-15 -43
29 -69
-78 73
-82 -38
-27 99
-69 73
-19 33
-96 26
22 96
16 63
17 17
-72 92
14 -69
-59 -51
34 62
71 99
83 -80
45 -47
15 -95
56 63
36 40
-26 87
-35 70
66 -22
93 39
-44 -66
-73 -37
-6 -16
-14 41
-45 -12
-61 -80
92 -73
-20 -78
-73 38
-47 47
-13 35
-26 42
12 13
43 40
-21 -70
-36 37
-100 36
72 -57
36 -54
-14 -90
83 92
-81 26
48 75
-35 -49
98 28
-85 -29
65 -63
3 -10
-70 -23
-41 -54
83 9
97 23
19 35
34 70
32 -45
99 -80
46 15
-57 70
-79 -53
75 -40
31 71
61 90
-20 -4
25 -36
10 -38
72 84
-40 -54
33 21
-57 31
86 -33
-12 76
-57 86
56 -66
-19 -14
47 30
-47 -92
51 -70
27 -86
-22 83
-54 -96
41 41
39 70
-9 -99
32 -28
-8 35
11 -30
-92 80
66 54
93 17
-53 -100
60 -8
22 -48
-33 11
-53 -99
-94 -3
90 -7
-37 47
0 -19
54 54
-11 84
-46 98
78 52
-41 -85
32 -4
-52 -48
44 31
83 -91
-28 -82
-80 -98
-48 19
-88 78
-23 -58
24 -73
82 77
61 -70
-72 -77
28 67
34 58
-46 87
-61 -34
49 -45
-36 35
53 -15
-13 36
-44 25
3 39
34 -80
-52 80
9 -90
-60 82
57 -78
90 -80
78 -15
-28 24
43 84
-61 -37
98 -8
77 -45
92 4
-71 -83
8 -100
72 33
13 -58
-48 72
6 -77
-55 -56
-36 -36
1 87
-36 94
79 74
89 59
-97 70
-74 88
-8 33
50 70
22 21
-94 -42
-47 -6
-81 -28
-53 5
2 25
89 -56
-68 66
61 -9
-83 -52
-93 -8
-38 -94
46 62
-5 -60
62 90
-36 97
-92 -16
31 -30
42 -39
18 50
-25 89
-66 -80
39 -83
-40 -82
-34 0
92 -23
-65 -75
39 -94
99 82
72 -65
84 61
98 -64
7 92
-95 29
-69 -99
43 24
-4 -42
-25 77
47 -65
-13 35
-88 65
90 -21
-62 -100
82 -19
16 -63
98 6
43 1
-55 96
-23 -98
55 -49
27 8
67 -2
-25 -77
-89 94
30 74
39 -2
78 -6
-6 29
63 68
-95 -24
83 -21
32 -97
52 -22
-68 78
81 81
-10 87
-14 8
31 -91
-97 13
-12 42
93 -15
80 -73
9 23
-9 -26
3 -28
3 -4
-49 -62
-32 88
18 55
37 0
-61 -1
-93 79
88 -23
43 -10
85 43
-71 -69
-90 78
1 -91
-65 -29
-5 92
-60 -10
-20 51
39 -9
99 48
-100 -43
8 36
15 -60
-31 15
57 -45
98 -88
95 -6
-28 -73
88 58
-71 25
-31 76
-82 -23
-72 9
53 -1
-53 67
76 4
-60 -100
92 -16
51 7
62 -39
-74 8
-97 60
40 -79
79 -73
5 -20
-44 61
-62 74
-64 -25
26 -82
85 41
-55 25
25 13
97 -63
44 17
31 48
-92 6
-82 57
78 63
43 58
91 10
-29 -52
74 -53
-26 -39
-21 62
-45 -100
26 -84
29 0
-11 -97
-27 -22
78 -67
39 -96
13 86
2 10
-32 -57
53 -55
-55 -41
-41 76
-63 71
34 -15
-62 -32
-16 89
-58 16
19 65
-57 31
17 44
48 -79
60 -44
66 -39
5 -38
-41 87
98 -90
87 -44
-73 -91
-5 76
97 13
-45 -15
-99 -19
99 -3
80 -28
-83 -58
-84 -3
6 17
31 76
-62 -76
63 88
98 -51
5 14
23 37
-34 32
98 70
-45 -37
-4 -47
2 -92
-19 -5
-10 -18
32 -50
67 6
-18 90
-86 -2
-14 -28
21 30
-56 -63
74 78
-38 67
38 -60
-45 -40
13 45
54 52
-53 -85
-50 87
89 37
95 34
24 56
-93 -23
1 -10
-80 -55
-18 -78
52 -36
84 -91
-99 -85
-73 -26
-81 -43
61 41
8 25
-36 60
-50 10
-56 -47
62 -55
-25 68
-89 21
66 76
99 -69
-4 -99
62 3
18 -68
6 15
24 46
-61 25
-97 -15
-54 -1
-90 -33
21 -52
-7 -94
27 -65
56 68
45 38
69 -26
-73 -4
99 -83
-51 89
5 -30
68 55
-67 -71
-33 59
-42 -64
3 -35
13 -80
-73 76
-89 -94
75 54
-8 19
94 -28
68 -39
-69 -79
63 19
89 -20
88 -80
-99 57
16 -79
-43 -32
33 27
47 12
-59 -54
-95 74
-20 -96
24 32
-96 72
86 -30
-57 24
-57 -83
-51 -94
78 85
-6 -63
-42 80
-100 -89
-10 -33
80 34
32 -63
64 73
77 -11
-79 -56
69 1
71 -75
49 7
-24 67
73 45
30 25
63 4
-16 -76
87 73
93 -16
70 -23
-33 25
-2 -45
44 83
79 -25
77 66
43 0
-93 0
-33 -55
42 -17
-91 93
-3 -28
-52 24
-51 33
69 -64
-35 -58
67 -8
-1 -16
-33 -83
-7 -57
61 99
-1 -78
-26 -43
-46 -41
42 -6
-13 96
-80 3
79 36
-79 -32
-44 -71
-77 42
-66 -26
58 43
60 33
29 78
29 -47
-73 -58
-1 -72
-13 2
96 5
1 82
-63 -65
23 21
42 -83
98 44
-14 98
-28 73
16 -27
-94 83
13 -23
-18 -13
30 -58
-30 10
64 81
-13 10
-56 60
95 88
-38 -19
-2 18
-86 56
54 -52
-78 -48
25 79
14 38
67 32
-81 -73
-31 -98
-36 1
-17 -9
-99 -72
88 70
10 -55
-21 35
-95 24
-20 77
78 -81
-29 87
66 -100
-10 49
-67 -20
-41 -42
-88 -96
6 28
-81 -24
4 89
59 73
70 -8
-73 -79
46 -51
79 -68
-97 -74
-87 57
57 -74
75 31
63 -53
-43 -92
-87 -78
50 -31
45 -29
-40 22
-53 -51
-7 71
92 -83
-33 20
4 -10
-31 98
55 -41
-14 -18
66 12
11 -87
74 29
4 69
90 39
-90 -94
28 36
37 -30
93 75
45 -69
3 85
-72 64
62 60
-81 -3
31 17
81 -43
-77 -3
79 -8
-87 97
36 -17
-11 56
-8 46
68 70
-3 81
-88 61
-2 -58
-94 16
-72 26
-77 20
-63 -53
-43 55
-96 70
-85 -20
-23 83
-82 -72
36 65
11 8
-22 -72
-90 -21
92 27
22 74
-58 -10
-83 28
-99 -30
-30 92
-1 -62
61 27
-93 4
-61 76
56 -64
-99 -42
18 -7
-27 -36
-5 48
-25 -65
-90 -13
77 97
-22 -48
-25 46
39 -21
-31 45
-28 90
-54 -70
-94 -69
-81 -14
-4 63
-92 72
-64 -86
14 -19
17 -17
70 89
39 27
31 -1
-54 -83
-52 -94
51 37
-21 -31
0 75
58 26
64 -42
73 77
49 -88
-74 81
-37 37
72 40
-19 80
-41 42
94 -80
89 90
49 92
29 89
-41 -48
80 60
-14 11
69 38
-32 -98
-86 -5
-72 69
7 92
-16 -9
-77 -21
74 66
38 -66
-75 20
12 -20
-31 26
78 93
53 28
-61 58
-51 92
94 61
-92 17
-14 -91
53 -64
-20 45
77 -62
56 3
38 3
-77 -6
26 15
93 35
28 96
24 71
-18 -67
-75 16
-71 31
-100 -80
81 -63
-27 -62
84 34
72 5
-91 13
-84 -20
27 -1
66 91
26 -47
-51 59
-18 -94
91 26
94 64
-53 -83
89 -77
-88 99
-62 70
-44 -63
43 74
-13 -71
-39 4
-97 -45
-54 88
-58 69
-20 24
-18 -9
69 62
27 -27
-58 63
38 26
26 -69
53 50
88 16
-10 -90
91 -17
87 29
36 -48
-59 42
-37 34
-42 -17
26 43
5 -8
17 -4
-89 84
-37 60
43 50
-48 41
-43 -3
7 92
-25 -1
-72 -2
2 -86
56 64
-2 43
78 -81
14 8
52 -43
53 -80
56 -31
81 16
-34 -81
60 25
-78 -29
-37 -83
16 -19
31 -9
5 -4
-88 -67
29 -86
-67 10
70 -41
16 48
20 22
44 -79
38 -24
-4 25
-98 56
-73 -92
78 76
-91 -57
34 -6
43 40
26 -61
-47 55
-82 -93
-34 -61
39 88
-37 83
-96 -41
-13 59
-64 -6
-49 35
44 -61
67 -70
-27 22
68 77
-31 -93
99 11
-81 95
54 -96
95 -63
-75 -79
56 34
45 -60
99 12
-93 -67
68 -64
-73 -90
-60 -36
38 94
71 14
-27 -41
70 -59
88 -28
-71 41
78 43
64 -76
59 56
96 -28
84 4
-11 96
84 43
53 -90
-26 -89
-95 46
-88 65
-76 29
70 -15
10 46
-12 10
-47 -9
15 -34
-78 69
-59 -74
31 71
19 78
-27 72
82 3
14 79
25 -91
26 -29
-100 37
74 50
-4 22
-67 -64
27 36
55 -62
-92 -57
-31 29
0 -99
79 52
-23 -81
-26 -95
84 -41
-80 88
-88 9
98 46
-52 64
-61 24
61 45
-67 -28
-38 -12
-17 88
18 -30
-28 5
-43 -82
90 -97
-92 34
46 -36
-95 92
-47 18
-83 -83
33 -49
28 -35
62 72
96 -11
29 96
84 -41
29 -87
18 -46
-75 53
9 27
-86 -85
-21 -31
-86 12
-70 -16
-47 -81
-77 -53
-35 39
11 51
-60 -73
75 -40
19 69
34 60
66 -100
6 -48
32 91
-94 67
-64 46
-42 -62
22 -98
-78 -60
-60 28
-33 -55
96 5
32 30
90 -64
57 8
-80 -39
-38 -8
-4 38
30 68
-13 -72
74 36
74 23
-22 84
-75 -51
29 0
-3 -35
70 48
-22 -7
-19 -46
14 -79
-18 -62
-18 -14
-75 -4
-84 79
-93 55
-57 3
79 34
18 70
-81 -43
57 -5
60 0
-52 -46
-1 -18
-11 -22
-1 80
70 55
94 34
-70 -95
84 -81
26 -53
50 43
-71 21
-9 29
38 0
95 -38
14 -53
-47 8
90 62
-59 52
-16 -69
87 -8
-74 -45
-88 81
52 -43
-44 48
-57 -70
3 -94
-12 -27
73 47
61 -74
-26 20
-72 -24
-62 27
-68 -81
-98 -69
-24 16
23 41
22 2
11 35
-17 -74
-92 67
26 -21
52 12
-41 66
44 -23
97 72
-52 -82
-2 -74
97 -61
-30 -18
98 51
-7 -2
-99 -26
-91 67
94 -36
84 -55
24 54
-82 10
-72 -72
-43 -71
-98 72
43 -46
-68 -50
-11 -59
-25 81
33 12
-90 -27
47 -74
93 63
-72 9
6 39
-6 -88
-26 82
62 12
-6 2
-26 -81
-75 -4
46 -83
-90 -90
91 88
-48 -15
11 -24
2 -38
78 -90
-29 -52
39 -94
70 29
11 85
-50 96
-2 -75
-56 44
-60 24
-6 -30
-20 86
26 -44
-6 -77
0 78
-59 -95
67 54
54 -81
77 -61
68 -6
-21 -1
-5 -68
-43 29
-27 45
-31 -46
24 13
-48 15
72 56
31 78
57 -34
-77 83
-10 50
21 90
81 -56
-10 -50
49 2
34 70
-49 96
41 91
-55 -23
42 -90
-22 21
-71 94
25 -50
-32 13
-4 -66
36 -9
-67 86
83 -43
-41 67
-31 -27
95 60
56 -97
46 99
-24 -3
-41 44
-35 -82
65 37
39 -53
12 -10
24 -93
-50 60
-1 -40
-31 -64
-97 -18
7 -20
-60 -28
-25 3
2 96
-55 73
17 30
48 -44
46 35
34 13
-97 -63
-55 -54
-94 -21
-9 -53
-17 5
39 12
92 -14
58 -53
2 -68
80 85
59 56
-14 77
86 -72
63 -66
0 -16
21 -3
43 -45
-13 18
66 2
-93 78
-57 -99
-12 47
46 -65
-80 98
36 -52
-96 52
-18 -5
-25 -10
-24 -80
-44 -61
36 28
84 77
-52 -68
34 -29
-99 66
67 -7
92 -56
-68 -45
-94 38
86 -96
8 42
89 90
-68 42
62 -36
3 -39
89 -82
48 92
76 25
96 48
14 10
55 50
46 -19
-11 48
-14 30
34 -5
89 -27
-85 95
37 78
-58 -100
-87 -48
-78 -2
-10 54
-20 70
-30 -34
28 -72
78 84
-82 -17
83 -23
-93 7
54 -30
-5 -6
-11 43
21 -38
-38 -74
-70 15
-87 -73
82 -47
75 3
21 -86
-58 -54
-70 -99
-15 73
-50 -52
7 -32
-10 -91
3 -39
56 85
-52 92
71 -71
45 -38
-10 -99
-94 58
-86 -76
-62 82
-72 -13
-11 -20
-95 -90
-89 26
94 -45
-35 18
32 -63
-78 20
-35 -60
-30 -78
-15 -64
89 -85
25 27
51 96
30 39
79 41
-79 58
68 -32
94 79
-66 31
-50 40
77 -49
24 34
74 -100
74 89
-75 -56
-89 -41
38 66
14 37
-72 -59
82 -56
-98 59
-73 56
35 23
-46 -79
14 21
25 -44
42 -9
-57 -51
-62 17
13 -82
-71 -85
81 -23
66 20
61 -4
40 46
6 44
0 -5
-82 33
7 -65
8 -76
-67 -79
-36 -67
-18 75
-56 -40
-70 20
-13 58
87 -41
79 -31
17 53
-1 41
-63 -91
4 -95
-9 -11
-24 -26
-49 50
23 84
-82 -16
-41 87
-53 -48
73 4
-86 -23
-11 -88
-19 -99
6 -80
13 50
60 -95
63 50
91 -84
-57 -94
56 -33
-48 -6
78 -21
-82 -78
-26 89
-55 -82
-53 99
-88 -41
-88 36
57 -55
48 18
-24 -78
25 8
-24 91
97 16
84 19
-87 5
36 88
-90 43
-15 54
72 -64
-64 30
42 72
8 -100
-55 54
-75 -83
92 45
-47 1
-56 17
-67 -18
-99 93
-2 -83
-95 67
-38 86
40 67
-96 47
-70 -35
89 92
92 72
-22 -3
-33 89
35 3
56 -41
76 40
-78 -100
93 -91
79 76
43 -57
-71 36
4 57
-43 22
39 8
0 -13
-89 28
77 -56
-67 -11
93 96
-45 20
-39 49
2 83
45 -65
-89 -5
-9 24
-40 6
-36 -28
46 64
-76 -27
60 -15
65 -24
20 71
-88 -5
-9 6
-74 -95
7 -1
-18 -61
-25 -91
-44 -73
51 -62
45 47
-80 64
28 61
-66 66
-96 5
81 94
17 21
-84 -46
60 29
-13 -40
59 38
78 94
55 -59
-79 -95
-57 -89
59 24
-12 88
49 31
-51 69
-26 35
29 -95
27 -93
-39 98
-20 -5
55 -79
60 19
13 -34
-40 -10
-5 -80
-69 -19
-95 38
27 90
-27 -54
-85 -72
64 23
28 -59
-52 -55
96 -93
3 10
31 -72
47 -90
-23 -57
-15 -88
-68 37
70 80
19 -37
-94 27
73 98
78 -21
54 88
-71 42
40 -17
-10 -70
40 36
64 45
56 -77
-81 -37
-25 85
22 4
-15 7
22 -56
71 56
54 28
60 45
-15 32
-73 14
49 -33
-3 67
-45 92
37 89
-88 71
-66 -55
-70 -69
-12 9
68 4
48 73
29 -10
71 -28
69 -17
67 31
97 -46
-27 94
13 -1
-9 22
11 68
-9 80
-74 -24
-41 25
86 -92
-35 47
20 54
97 65
-63 -51
-16 68
-49 -94
-87 -96
98 -100
-1 -62
61 -36
-68 90
23 -76
0 -24
-99 49
9 60
7 40
-54 74
40 80
81 -57
63 29
-12 -82
-78 66
67 -47
-9 72
-64 -34
-91 -96
-71 -79
-3 32
-19 -19
93 -50
90 42
17 -47
-67 -63
-68 -91
-10 -86
-68 96
62 78
83 -94
79 -19
48 -25
-69 -85
88 57
-11 -88
-6 -15
36 22
-36 -13
40 26
15 33
-6 25
40 48
-4 85
15 24
-17 -90
-8 -1
26 -38
-71 92
49 57
70 -82
-45 90
12 -84
3 91
-30 28
-86 96
21 37
-63 8
-55 -87
-10 -15
-4 13
-88 73
87 40
32 -10
99 -84
86 -67
-77 69
85 -58
85 -13
-85 -59
89 -93
45 -71
-10 -38
-24 34
-80 35
-52 18
-9 -32
-92 -88
-46 -22
-54 -8
-23 -46
75 85
79 0
39 13
54 64
24 54
36 -5
57 -79
55 -74
13 85
3 27
95 14
-22 46
76 55
99 33
39 75
60 -24
28 14
-73 39
-45 -33
74 33
-72 31
52 -38
-12 38
-25 -40
87 53
-33 79
-23 35
-10 -2
-69 -94
81 -10
18 70
-64 41
-68 -53
-34 -36
97 -61
71 -60
2 78
-32 23
35 42
-52 43
22 23
-42 -33
65 52
58 0
90 48
-30 39
-68 9
8 7
71 -84
-45 74
67 20
-50 -74
50 -79
16 18
-38 -15
60 64
83 36
-60 70
-29 49
-51 98
-11 -87
-26 20
-73 -27
-11 82
9 50
-78 45
71 -24
-51 -27
43 -27
11 65
-19 57
-54 -77
94 -35
66 -14
-63 -83
-70 -85
35 26
52 5
-13 14
-84 -59
38 48
-76 -61
-36 -38
-13 -26
91 59
17 50
74 -27
-10 63
-51 20
37 -44
-77 -14
65 67
-76 59
-75 17
10 -36
-88 -58
-19 -99
-37 -63
-37 -3
-44 50
-47 -94
-21 25
-12 -73
47 69
77 -10
28 -64
-97 -99
12 -55
62 -72
-8 37
31 -75
-74 4
-7 64
-39 -59
43 8
15 -30
95 96
-77 46
-32 -64
26 22
58 97
98 -46
0 14
-6 -38
52 -86
91 86
-58 -17
-52 69
-90 -12
48 -39
31 54
50 -85
62 -21
15 26
-100 82
79 -59
-53 11
-75 30
44 -1
-34 19
-43 -4
80 -43
-73 -49
39 80
-59 89
-5 -60
-45 25
-96 98
24 69
51 -29
-36 -24
87 -17
65 11
63 64
-17 9
-94 -71
-62 -8
44 38
18 -83
-93 -17
23 11
88 2
0 31
0 92
-85 76
-95 -96
-61 -21
43 92
57 -96
-35 6
-13 92
-15 -77
61 25
43 -71
-36 -69
-5 2
-96 40
-29 -17
-72 -43
85 23
27 -57
23 90
83 66
22 -82
24 -8
-64 40
63 -89
36 21
2 -23
8 -69
33 67
-41 55
-61 -10
47 30
-95 -81
-86 -16
-25 33
-49 -11
7 -42
2 26
-34 -69
-58 38
-40 -71
6 31
14 14
-67 67
22 -52
-10 -8
74 13
32 89
-27 80
-35 -1
88 48
58 16
-58 -4
27 -40
99 -40
-10 22
-95 -89
-23 48
15 19
19 11
-97 90
3 -91
98 30
-38 88
-13 -28
-80 27
95 -73
23 79
91 90
-50 -49
25 90
53 40
-11 30
-99 -69
-6 56
46 21
30 -3
79 -98
42 29
53 -59
68 81
-92 25
4 64
6 32
35 -52
90 56
-51 -88
42 44
27 38
-54 -5
-84 -79
-30 45
47 47
-72 -50
-9 -59
-78 33
-42 -88
28 82
-34 15
63 -66
90 53
65 53
-51 -61
29 -41
55 76
49 76
-27 71
-30 -80
-78 -80
-87 -50
83 13
-23 -65
69 -58
57 -95
-61 -64
89 20
-75 82
73 55
-86 -25
-97 3
-69 21
-7 53
73 4
-24 15
66 47
-88 -11
-24 49
43 -10
-53 -55
-67 -48
24 -13
-79 -77
30 50
-75 94
-51 -4
-82 -72
81 -20
36 -37
30 6
-47 64
-47 -4
98 -34
8 -19
-21 41
94 55
94 -36
-13 -30
-80 -85
62 69
-82 97
-74 -89
-56 88
-97 59
-82 80
45 33
-70 -77
-59 50
84 80
-27 49
-43 -85
-21 -81
-10 -49
-81 19
-12 10
8 81
92 -42
-54 -14
97 -64
69 -51
83 67
43 -34
68 65
45 84
-14 4
19 70
90 43
46 99
18 -20
42 17
-2 58
-83 -50
-12 -57
-69 -85
-35 -62
-95 52
-82 -100
65 48
-15 39
-57 -38
84 23
-82 15
14 74
-46 64
-18 84
-6 97
99 32
75 11
-21 -60
-22 59
11 44
44 -65
36 -18
-79 -39
-25 -79
44 -84
31 -89
86 62
-22 97
81 92
89 12
-55 -72
-9 41
81 72
-17 70
14 -89
-54 95
-23 -90
-77 82
55 -50
-34 -50
-38 -1
-87 50
47 -100
92 -8
56 -19
9 34
-25 53
26 -100
23 -92
-81 -91
56 -63
-100 -83
-100 85
-65 75
78 55
-93 2
-48 92
92 -80
-36 51
-68 84
18 73
26 -7
-6 45
53 -96
66 -83
-94 24
42 22
8 58
-14 42
-51 43
97 -84
-92 -92
81 -99
5 52
36 -55
70 37
-69 -93
4 -3
1 -23
-54 -90
34 -33
42 -96
63 -24
70 -50
45 -99
-83 -80
-72 -5
-52 -75
77 -91
-93 53
-57 -35
-76 77
-74 -74
3 -19
-9 -20
47 1
5 -75
2 -59
-57 -32
-79 -28
-56 89
-64 -62
-37 -75
-66 -64
42 92
-90 93
23 85
-89 86
-33 1
81 -34
67 58
84 -19
22 -76
-55 -62
10 66
7 -34
5 7
32 -5
31 20
13 18
-36 -27
-42 23
9 87
-60 -79
-61 29
-13 -78
3 58
83 -29
9 77
43 -72
-6 72
-21 -98
-3 51
-28 63
-19 -71
-46 85
-40 -3
-64 -35
-62 21
-50 -23
-1 -22
88 38
61 54
31 23
3 -29
95 -73
-71 50
1 -74
89 27
8 73
10 -78
20 62
-73 22
96 56
-67 -34
-4 98
36 -16
-62 -16
60 -50
-27 70
49 -37
-87 -32
-6 78
-43 15
-60 -65
-43 17
-20 51
-27 77
-14 -41
-23 -79
-80 -29
56 25
62 8
58 94
16 22
85 -69
-49 -35
-56 99
-34 -3
32 -47
71 6
-91 90
19 -97
-86 -65
-44 57
-71 -8
-83 -24
85 85
79 79
-47 43
27 -52
13 -61
90 78
-72 9
63 -92
-34 60
2 34
-11 -24
11 74
31 3
47 19
96 60
45 17
-52 81
-24 -23
25 2
-7 55
-14 -62
48 -17
-57 14
-26 -37
49 9
85 29
3 -62
-7 -52
68 -66
95 -59
58 16
-3 -8
69 -94
8 25
-19 -54
-15 -99
-64 67
-19 85
-52 -21
41 7
-64 49
87 26
27 -9
26 -20
-27 -53
63 -27
17 -69
90 -40
37 -61
-15 -50
-96 -82
37 22
-41 -60
-28 70
-22 -41
-92 -87
-9 -34
10 95
-72 70
-83 88
-87 1
-15 80
-60 30
21 -25
25 30
0 -93
-19 29
22 -62
-92 -7
52 94
59 -62
-43 61
8 -98
73 67
55 -12
90 90
71 68
-50 -25
2 63
-7 72
31 -73
57 94
84 64
-43 -69
-75 92
83 -90
23 36
38 -60
59 83
-28 -37
-46 -34
-66 -38
-11 77
40 -64
-92 91
70 86
32 -9
-44 -21
10 16
-40 13
-25 -13
-77 95
-65 98
82 14
77 46
-88 -94
-32 83
60 98
-65 9
-48 -47
91 95
-13 -78
2 23
91 -5
60 -88
-48 -97
99 -64
86 -25
41 86
33 20
26 19
-46 -3
-4 46
-45 67
-80 -17
-22 -41
-18 -89
-14 17
64 36
0 -71
-68 25
61 52
80 83
70 -1
-80 21
92 -45
52 46
-7 -53
66 -100
-17 0
60 86
49 14
83 94
-18 87
-84 48
-27 34
-61 -52
-68 86
-15 -81
40 54
-91 5
-96 -15
-16 13
14 -51
49 -50
88 97
-37 -39
-93 37
24 -53
47 -59
76 -8
-8 -80
58 -85
-66 24
-70 -57
1 26
63 -61
53 5
54 -53
-51 -81
-84 -45
17 -63
26 -68
-69 -24
18 -50
-6 78
50 -54
-39 87
-37 8
3 -53
25 -6
-15 -96
-39 -11
-12 90
-91 67
-77 38
27 78
-90 -8
68 -46
-44 -59
-81 -62
-16 51
38 69
-71 45
44 -99
-5 32
37 -30
59 33
23 50
18 -53
37 33
11 41
85 -35
19 21
14 53
44 27
-22 -15
-46 -72
26 68
70 -17
67 -30
-8 -83
50 4
-93 -49
-49 -26
59 25
-82 40
57 -30
43 -97
8 -72
56 -91
-6 -48
-67 -66
-97 0
35 11
33 25
-6 2
59 -74
-71 -55
-29 66
-9 -20
73 -70
-48 9
12 30
59 95
-96 -80
-75 15
1 -50
50 -42
21 -44
81 -15
87 -46
-20 -72
-75 46
12 10
42 -4
-22 55
-84 15
-54 30
-23 28
1 -95
-28 -67
-65 -22
-12 73
82 85
-30 -91
-37 15
43 -91
56 44
-94 68
-84 -80
76 48
-36 -6
76 92
-27 10
-33 -95
90 26
56 -9
-84 -75
-90 -56
-95 98
14 -68
-58 -32
64 -91
78 98
70 70
19 94
-59 46
-9 83
-55 69
75 16
94 -36
55 65
43 2
46 71
22 53
86 3
71 88
97 -72
78 -12
-42 75
22 48
-53 29
-36 15
-16 -10
58 -39
25 -89
77 4
-94 -68
56 20
-75 4
-93 -22
-34 63
91 30
70 -85
91 21
-78 -71
10 -35
80 -31
11 75
-64 -84
-72 -79
25 14
46 57
-71 31
87 2
32 -46
-82 46
-24 50
66 61
-65 -53
-72 9
74 -43
-22 38
-35 6
22 89
-90 -46
68 2
-41 -13
-82 14
69 -12
-5 57
3 1
-96 -35
-74 79
78 70
-21 -87
-30 58
-3 -47
11 48
-11 14
68 85
-12 -49
38 36
-97 -1
40 8
-35 72
-75 87
-48 68
0 -71
99 -70
-56 -22
-63 -22
-17 14
-85 -14
52 46
32 4
56 21
-43 72
-77 -6
-97 -88
84 15
2 -80
89 62
91 54
85 -11
19 43
73 81
-5 8
46 -43
55 -38
67 -1
72 -61
63 -25
21 81
94 87
-46 -24
-3 30
-8 57
-37 -62
-21 -16
-73 -100
81 50
-41 -100
-91 -71
-9 57
-92 65
56 -90
-15 80
62 20
-41 59
-65 8
-62 13
-30 -16
22 31
-85 34
34 -99
52 94
46 16
-3 63
20 8
-75 88
51 -19
-39 81
1 88
47 75
-17 60
-26 35
-81 22
-47 -4
-70 42
-5 -80
-86 17
85 99
62 12
-80 -18
-78 -65
16 -55
79 73
62 29
5 -20
93 9
-56 88
-38 -81
15 -84
10 15
-13 -2
-85 -95
-95 -47
66 -100
-66 19
54 38
36 -44
-70 -78
52 15
47 92
-47 -91
49 -8
11 -2
-34 -88
-21 79
-71 76
81 67
72 -56
96 38
-90 38
-71 82
-62 64
39 65
-68 -32
-88 -57
-96 79
-76 -34
16 53
17 35
-34 82
58 49
-32 -5
-9 -9
82 -60
31 -61
-79 92
8 60
-23 -40
-20 -53
-58 9
-60 -7
11 -54
52 -36
-100 -73
61 -31
70 -82
-34 -29
62 -62
-69 57
49 -4
-12 62
22 70
82 97
96 51
-40 -85
-40 -61
-63 0
65 71
50 89
-89 17
-13 11
34 81
72 53
11 -52
45 -97
65 -40
82 85
82 -61
90 65
80 31
22 -50
2 92
63 59
1 -33
36 -35
28 12
-55 -76
77 -38
10 -83
-80 -60
0 -93
93 85
-76 -17
-100 27
-42 66
-84 32
24 80
-8 -29
38 -61
-44 93
5 -73
-49 84
98 50
68 80
-79 8
-32 88
26 -27
8 -39
88 2
-31 8
92 99
79 -63
8 -32
-41 -77
-84 99
-74 15
-1 -27
-76 -71
-91 -3
58 44
-16 82
-44 -74
-61 62
-35 64
-75 79
78 -14
23 -83
-62 10
-15 84
35 -3
-87 2
75 61
42 -36
14 51
-53 3
-14 -28
-50 32
-54 -6
-42 -59
72 11
49 -17
-47 3
-87 -75
-91 -9
40 -50
52 44
-43 53
70 28
-69 51
-46 -16
56 -21
63 -8
86 58
99 -91
-27 -55
-20 71
-26 74
99 -15
76 -61
-10 60
4 17
-78 94
-26 13
-36 44
-72 6
37 -29
15 36
-6 0
-39 2
-1 -55
69 -14
-39 31
-83 95
-65 -88
73 93
-38 -23
-77 -71
43 -63
81 -2
56 59
82 -90
46 -7
45 -2
-100 93
-62 58
-55 -49
82 -93
-97 -42
-78 99
45 90
-81 95
-75 -93
96 94
-8 20
-69 30
40 -52
-7 -86
12 -62
83 -62
97 12
15 -78
81 94
-96 -3
-3 36
-22 -74
74 -58
-99 -51
-56 51
-77 98
28 36
37 -46
-32 -80
-90 -70
-31 80
-56 94
68 -82
-88 59
-43 1
-62 68
46 54
48 -32
18 20
-77 49
-1 62
-50 -54
1 79
51 39
70 21
2 14
-40 91
-91 46
6 -72
29 73
-7 15
-79 19
88 -61
12 69
-30 6
-80 -13
34 22
-47 -30
-90 87
8 -95
-29 32
23 62
9 31
59 -16
-43 67
-18 -60
60 50
41 3
-76 48
-46 -47
41 -6
68 -26
-4 -73
66 -78
79 6
-62 -26
-63 -50
81 13
97 -2
-83 -8
32 -94
56 -1
54 -8
92 -50
-45 78
-76 -54
-28 48
75 93
-85 69
-73 41
68 94
96 -82
31 57
-93 77
-79 29
35 -76
-25 5
98 -56
-6 -71
59 42
89 1
-50 83
76 -87
82 -75
19 43
-11 -90
-72 -61
48 -15
-86 11
92 55
31 -65
41 28
24 -94
87 -9
-67 70
-29 46
29 74
88 21
-1 -42
-99 22
-16 -82
-91 -57
28 -36
76 9
-84 43
30 68
-52 47
5 -77
-34 72
42 -8
-62 -48
78 66
-13 19
29 66
-59 86
56 -17
26 25
90 17
-74 -46
49 66
34 -58
41 -68
-93 35
7 -54
-10 -26
-22 -98
68 -20
-100 -44
75 -93
46 -19
64 -84
41 2
72 -10
-3 31
-51 98
93 98
-70 36
-29 34
33 90
-36 30
32 -77
4 -6
50 -48
-40 -44
37 -23
-7 -94
-40 -46
44 87
-30 -68
83 93
92 20
-44 76
-38 74
64 -21
-91 95
71 80
-26 -6
46 -25
-17 77
-46 58
16 72
-74 48
-13 29
13 71
16 57
-23 -4
-76 8
-65 -15
64 -13
-66 99
32 74
-80 -95
-68 -94
35 66
-23 15
-12 90
-10 45
-26 -34
-63 77
34 40
-64 6
-86 64
-51 -39
0 -51
-99 -86
40 -14
-8 33
-9 60
-22 24
92 -73
69 7
-47 -68
-2 -89
88 -21
-81 -12
94 -26
-62 -92
-79 60
62 -12
-46 21
-93 63
-52 94
6 -49
28 39
18 84
-8 -28
4 -61
-50 -3
28 54
94 90
-35 48
56 40
-47 -45
-5 29
-50 -85
78 49
-5 -91
-87 78
-31 -99
86 41
-87 88
79 -70
27 -31
75 -70
72 -45
55 22
-38 89
-55 -37
92 15
30 40
-58 94
56 -40
90 37
39 69
-38 -40
-52 -23
7 -25
-4 79
61 86
93 -77
45 34
-25 1
64 60
-73 20
-87 9
3 10
70 -93
44 -41
-72 61
73 -65
12 -10
17 -79
52 71
9 65
89 14
-100 -45
56 -14
-54 -25
48 -28
81 -26
84 13
20 -15
44 6
-81 -84
-48 25
67 92
65 16
-60 -15
-50 18
84 1
56 91
-22 84
-89 -36
37 -24
2 59
-28 -30
7 -14
45 92
-91 -96
29 16
9 -87
-19 -4
33 -74
-4 21
-77 84
27 -68
-84 31
96 57
-66 -72
39 -15
7 36
75 -88
56 -85
-81 20
-64 17
-18 48
96 -3
-24 64
-15 30
-34 72
-95 -40
92 93
3 73
53 40
-75 37
-27 -7
-43 32
-1 -52
20 65
-17 18
-82 9
58 17
-19 -85
-3 -66
59 19
31 15
-40 64
-11 23
-85 63
0 95
-60 92
-23 26
26 -3
-86 76
-5 -53
8 -51
67 -35
-20 -34
1 -52
19 29
-56 -40
76 -49
26 5
-32 -83
-88 42
34 21
-53 -48
49 63
40 73
72 16
65 87
-48 -20
47 32
33 -15
-86 -100
-40 -48
-45 -41
16 88
-95 82
-24 84
-43 -82
-30 62
26 4
-70 72
-12 -34
-47 -98
-65 -47
38 -43
42 82
34 -29
-25 57
68 46
34 31
-35 -16
-80 39
9 41
-45 -22
34 80
4 81
99 64
19 92
97 -96
-38 54
-12 35
-94 -96
13 -78
68 -18
65 -19
17 -46
93 -70
23 -10
20 3
-65 30
12 -46
71 39
-17 -37
-32 -10
96 -20
-84 -18
-62 -16
-42 74
-44 52
85 78
-68 73
55 3
93 77
-68 -70
61 13
19 -33
58 -75
-12 -10
32 -59
-26 8
90 28
64 -58
-84 -71
33 -78
52 -75
98 18
73 84
14 54
84 18
-69 46
66 -3
22 3
45 -24
-30 -89
19 -22
-94 44
86 -38
-57 71
45 -98
-73 76
-6 -2
-66 78
-16 -32
86 48
-53 -32
18 70
-75 -87
-11 -60
-49 70
-52 11
-45 23
85 -93
30 93
96 -72
-96 -73
25 75
5 -50
-30 12
-40 89
-90 -91
31 7
-28 28
68 56
-22 14
-75 -80
-5 27
-14 -19
-26 -20
-40 -84
-57 -78
50 -84
-34 21
-67 -45
-55 -11
-2 -55
53 -93
35 81
37 77
-9 3
-25 -85
-6 17
50 70
-98 32
0 76
99 -86
-70 -4
-83 1
56 -51
38 -98
-53 53
60 88
21 52
30 -5
51 -42
-75 73
-10 78
1 -28
56 -60
-83 3
18 -43
53 68
-31 0
49 22
24 77
31 -61
79 71
-24 -9
39 0
10 58
31 -58
-80 -12
60 -78
-86 21
77 16
25 83
51 -53
47 -22
-100 72
50 -3
-12 24
-52 -19
24 -32
68 -24
-66 -85
-43 -21
67 65
39 -70
51 -21
47 54
-11 -20
27 -27
3 -59
65 -25
24 4
80 15
48 -88
-68 80
-44 -75
92 -99
-20 -58
60 -98
-68 99
-22 -1
-95 35
-84 77
-50 -5
-12 43
70 54
-90 -95
21 -54
-89 90
23 -79
98 -57
-56 31
74 91
93 -24
-73 34
85 77
12 5
-17 91
-62 28
-76 -15
91 -22
-17 46
45 -99
44 56
30 56
51 -33
50 28
-29 96
-76 24
-90 -84
93 -48
9 96
39 -42
38 44
-70 29
-93 14
-39 -79
75 -58
99 58
14 19
38 29
-91 -35
-87 -12
65 -19
-51 90
94 75
23 -57
1 3
-52 -86
43 91
6 -70
-97 2
45 67
25 30
-99 -4
-75 91
-92 39
80 86
-33 74
64 -3
-28 -31
12 58
-87 48
14 65
56 -87
-57 -42
12 -86
81 99
29 -91
5 -42
-99 -17
74 -18
-79 -90
84 54
-49 -60
9 0
-90 -24
76 -79
38 -77
-63 -10
0 -53
-39 -68
83 65
74 95
-95 -35
48 -68
-34 59
69 22
-71 -13
28 5
57 -68
-40 -63
-89 67
90 -64
-21 1
48 79
64 31
-4 62
9 47
64 -77
-45 14
-27 12
87 -27
61 94
-49 -84
-52 -59
-22 -92
27 -39
-3 -59
43 -30
-51 28
-40 -57
57 65
-35 8
31 -34
33 -71
-6 38
-88 58
53 -19
-3 25
66 56
17 -3
58 96
-62 -56
14 -92
36 33
28 16
-19 48
-43 -14
4 -2
28 40
-21 -63
48 -78
3 -57
68 1
-91 52
-51 -14
-18 26
23 60
68 -28
-95 -63
5 -44
-95 -14
72 39
-63 -86
54 -72
-34 65
39 85
-72 -86
-33 94
46 96
-18 -72
55 48
8 17
89 -70
-33 -72
-16 47
-67 25
-36 -59
-93 57
85 1
-81 62
47 -97
-83 58
53 28
24 -64
-83 -49
99 59
-24 24
54 -41
-13 -35
64 73
-2 24
17 97
54 62
-84 25
-61 40
43 -65
45 38
-34 13
1 -50
-46 43
2 18
94 -47
-35 30
47 48
22 4
-72 12
9 72
35 -2
75 -84
56 3
-10 -86
4 -49
16 -65
-62 71
-34 -82
-12 -8
-3 68
-50 -17
83 62
-81 97
9 -43
-70 -53
-3 71
87 65
-80 -28
-62 -5
46 10
45 43
-34 -37
-67 35
79 32
-48 -27
8 -23
91 2
-49 -8
1 -90
-90 61
32 31
-52 7
32 19
-86 -32
78 70
-35 12
27 -24
63 -17
67 12
86 43
72 71
-27 -6
38 63
26 -23
-62 92
23 36
95 22
-59 72
92 -21
-98 -93
-29 23
99 -33
3 99
11 14
-43 -30
-58 -3
44 -71
45 -33
44 -66
-74 -29
59 82
-44 2
-74 54
86 -3
-44 -82
41 88
-93 28
-21 -8
-93 10
81 90
-60 -84
-54 -77
-10 36
22 43
-86 87
69 49
-97 73
-21 -74
-25 -71
99 -35
-95 -16
64 -7
85 -87
23 -57
-67 44
13 4
-21 -75
61 11
-46 22
9 -64
37 -32
93 -70
-92 40
69 -28
-10 -16
20 20
-87 -5
8 -16
27 51
-5 -68
-12 12
-10 60
-29 68
-10 -97
-61 25
45 99
81 76
16 -10
63 90
-26 -63
58 -95
0 46
-70 71
22 61
93 9
-79 70
30 -67
53 11
-33 54
-69 95
46 6
-17 29
-81 28
18 51
89 34
39 44
-10 -1
-30 -60
-99 20
81 45
15 46
31 54
-34 97
3 -15
-68 -15
91 35
-36 79
7 -26
78 -65
70 -75
21 67
-34 9
1 -89
-17 -12
85 -46
52 -36
-82 -48
-50 -16
21 -64
21 5
-60 53
-16 -35
39 -44
-56 91
68 -31
-64 -86
-25 -11
0 -46
-5 29
83 35
51 -20
33 -12
24 70
58 35
92 97
2 -68
-3 85
93 87
78 88
-42 -63
-49 -1
88 -54
1 -21
-92 -59
76 48
80 43
83 28
-50 -35
-100 7
4 60
92 45
30 59
46 -11
-22 23
61 24
75 -12
34 64
-57 64
57 87
35 -97
47 -15
65 16
81 30
90 -85
28 34
-69 -54
-95 20
62 61
-16 51
-72 92
-20 97
62 -97
19 -86
-98 -95
61 -24
62 -11
57 8
90 27
-5 39
-75 80
-73 -77
43 -44
69 -68
36 5
-51 -47
-49 64
67 29
44 65
70 -13
15 -2
87 31
91 -23
-95 45
-64 82
14 -48
-25 -87
-79 41
26 -82
-24 90
95 -38
78 25
-93 -54
-89 -3
36 3
-99 34
-83 -48
29 40
-63 61
-5 -14
38 -27
-62 -91
3 65
36 -41
-99 81
-57 -88
-11 97
-57 73
-30 -52
51 -93
-7 -93
-41 4
-55 10
-77 40
79 -18
8 18
28 17
-17 -2
58 83
64 -81
83 59
56 59
32 -76
-75 52
11 -98
61 76
-67 -96
-34 -80
13 -22
12 -10
60 -8
61 72
-29 -60
-77 -56
-85 81
-8 87
46 50
27 -51
53 -70
-67 52
-20 -84
-80 94
67 13
43 -62
-20 -20
72 -92
80 -59
-19 33
30 -97
84 5
-56 -3
-100 -23
-22 43
73 -21
83 83
99 -94
53 -37
29 71
-91 -28
4 -28
-68 -10
-17 -72
13 -87
-84 16
73 95
-7 53
-70 -82
61 -55
-24 -40
-57 34
-7 -41
-26 94
65 98
-78 -97
-72 74
-84 26
54 -40
-75 -49
68 -33
-85 94
47 41
59 8
5 29
89 -28
-93 81
92 84
78 -48
-98 -34
-30 -5
-31 -76
50 -50
-38 -62
-11 -44
-25 -12
-18 -91
51 -10
50 -71
10 -38
35 -45
88 -49
-65 -6
-2 80
99 65
-40 0
24 -31
-29 -19
-29 -74
-18 33
-79 13
22 57
-100 -45
-64 -27
36 50
58 46
97 -77
17 46
-21 84
1 -85
-33 -22
-1 13
95 91
-83 22
-45 -82
31 -49
60 -71
-16 -46
-21 60
11 -27
71 -85
90 -79
19 21
-43 7
-26 98
-72 59
-28 -7
-16 -21
-99 -81
-62 -47
-44 -91
-62 21
75 -83
29 -26
-1 -45
-78 92
-87 -29
92 -87
-28 33
-17 -51
-92 -1
92 12
91 -67
-96 -71
-18 45
54 94
16 -9
8 44
-82 -57
-50 89
82 18
89 -27
-62 95
28 33
82 10
61 -88
-24 43
28 54
83 -81
64 32
27 -83
8 -30
-86 95
-62 68
58 85
3 -11
14 40
-13 -56
29 52
-86 -84
80 11
-94 76
-18 -44
-73 34
-81 -35
-66 44
-86 -2
-7 -5
-37 81
66 -17
24 73
-35 -79
-35 -62
90 53
21 46
-43 57
33 1
9 -84
2 67
84 36
-20 21
-81 -82
-35 -53
-72 -36
48 -19
-46 94
-85 -28
-37 -28
-75 -68
78 -95
62 46
99 87
55 -53
-86 8
96 -42
79 98
69 -71
-72 51
-85 -66
15 -44
-98 15
40 22
94 69
-99 -97
-92 71
17 31
-30 23
70 -32
28 -74
-16 37
-13 24
5 -85
66 -92
95 33
89 34
-51 -38
84 43
12 89
44 30
1 -35
48 5
-72 70
90 -81
97 50
-61 18
-57 -19
-52 27
-13 0
-66 -85
49 -18
45 75
19 50
40 -19
64 -69
-51 -64
41 -35
88 97
68 69
20 78
-51 65
98 59
-62 -8
44 -53
-38 26
60 78
54 63
13 -43
39 -75
-44 -95
-58 3
20 -43
-45 83
53 -40
91 75
41 -75
36 -60
-16 39
38 27
-95 -72
-93 -100
15 65
-77 13
38 -71
-66 14
-83 46
-96 -72
-88 -11
50 -89
86 17
42 41
81 27
-81 -70
57 -83
-55 57
10 62
-20 -96
17 -75
-94 3
-83 -45
-98 93
-79 86
-25 58
69 -67
50 77
18 7
-65 -56
-73 -49
-32 -94
15 36
-1 -34
-30 -75
-97 31
86 40
95 -91
54 -97
41 49
-41 76
61 -84
94 -72
36 -36
-40 -36
-32 23
-19 -13
-76 -12
54 96
-78 -25
-94 77
17 77
86 92
47 -36
66 -7
-31 -60
-44 -75
-94 82
-54 -98
-81 42
-83 7
46 -61
27 -2
-6 22
97 -66
-89 -32
-55 55
-1 -20
-4 84
-23 -54
-14 -38
-12 -2
-20 -5
-51 -6
88 -21
38 -80
-41 -95
-45 -16
-93 87
-79 1
70 56
12 84
-84 67
51 -89
-90 12
75 80
-22 -4
43 -85
-39 11
42 45
65 -51
-94 -20
64 77
16 -87
14 23
-20 -11
-27 -16
-48 44
55 -59
53 55
36 65
-86 -20
-5 66
-71 9
-46 56
57 71
-49 72
1 15
28 68
-57 -83
6 -57
-21 23
-33 31
72 -17
-61 75
-8 -23
58 27
-55 6
68 -95
14 -25
98 74
46 -29
39 -98
70 -53
-84 -33
-38 -87
-11 22
-95 42
-75 8
-17 77
-45 -84
-5 76
-66 65
70 41
68 -98
77 -16
8 66
68 -25
-25 99
-34 -10
-44 -9
66 29
-77 45
-95 71
1 -100
69 -59
69 56
-27 -36
57 -97
58 -57
-20 25
-56 -13
62 40
39 64
-93 89
-19 57
-62 -37
60 99
70 -87
-86 17
58 -29
79 83
99 27
-17 -48
-52 57
-66 -59
-20 -20
72 -70
95 94
84 11
-80 54
-83 -83
-84 -89
-76 29
-54 38
62 -62
73 -95
-16 41
46 73
-18 67
60 46
-74 16
-1 -60
-65 98
-39 -54
-100 71
88 -67
-56 69
-2 56
-6 -31
-41 -4
-47 -92
2 85
10 38
-43 -52
94 92
-40 -82
-90 72
70 11
57 97
68 83
-84 57
-22 8
-36 -39
-18 76
-75 11
19 -7
-22 -22
-84 -79
-79 40
32 -26
-56 67
39 45
-44 -46
-96 -39
-56 66
-25 72
-19 -87
-74 54
-18 -3
-92 8
53 7
86 -20
-47 -68
72 54
80 -25
-58 -43
54 -76
-69 34
95 62
28 -65
-93 92
-95 -96
58 -60
-10 83
-9 92
0 -2
30 96
-72 -62
44 84
-41 53
62 25
49 -47
87 16
-70 32
67 35
27 59
15 27
19 -16
-33 -75
-83 -91
-40 10
6 -31
7 90
26 -13
92 -96
29 37
91 54
-78 -70
63 78
13 -48
63 -18
61 92
-24 -22
3 -19
-58 -5
57 21
42 2
-55 -84
3 -98
-94 23
-39 -5
-99 35
17 -48
82 75
-73 -68
15 -4
-60 91
-31 -72
-39 -31
64 25
98 4
58 -26
-10 40
42 -97
27 45
92 48
-65 40
92 93
68 5
37 74
-78 47
-10 -96
85 -37
-16 60
-63 -54
50 -100
-26 -65
75 9
-36 64
9 -30
70 43
-17 1
-54 58
-37 -73
-98 66
14 52
9 76
91 -96
16 -6
40 -25
-24 5
40 -9
-100 50
-33 -32
38 -84
60 76
-70 -40
-82 95
-77 -72
95 -67
86 77
53 -39
-83 -5
89 45
-80 -14
91 29
72 -4
99 32
52 24
41 -34
94 -58
2 -47
-52 -76
-95 21
54 -77
-100 -100
-87 -8
87 54
-1 -70
16 28
-90 -29
68 8
92 82
7 67
85 44
38 -100
-47 79
-96 -60
13 -47
-23 61
61 -80
12 -71
83 26
56 -48
32 -66
6 -75
-15 42
-23 -74
45 -71
25 36
36 30
9 -37
3 41
46 -35
-74 -83
-63 75
-95 39
-35 1
5 40
75 74
99 -62
32 -67
-41 -64
-35 -91
45 56
-14 90
-47 -67
74 47
-87 56
25 21
-52 91
-17 14
-84 -47
94 48
-26 -27
11 21
54 -75
-39 -56
-95 -87
21 26
16 3
36 -93
54 69
-22 -37
84 19
11 55
-30 -68
-62 46
-6 -62
11 84
5 21
46 75
-81 -41
-76 -92
34 76
-21 45
4 -97
24 -84
-21 -42
30 54
10 -85
99 93
39 80
-82 89
73 -67
54 -19
-44 -22
37 1
-39 -73
-96 13
-42 95
50 -65
-49 62
73 -25
-71 -18
-51 3
-4 39
-29 -51
-62 -65
-80 -59
23 64
-58 27
80 31
59 32
-55 -59
88 15
50 -44
70 -9
66 54
88 43
98 47
-61 -62
-61 -54
-67 10
4 -71
93 -46
33 79
10 88
20 13
6 -79
-12 17
73 -54
37 91
45 -4
91 3
-97 -15
-25 90
88 -58
4 -34
-4 -78
-24 -92
87 -59
-71 61
-74 -50
-29 1
-81 32
78 60
51 44
-60 -32
23 -52
-15 -68
74 26
20 61
-73 62
84 -75
85 -25
17 -88
73 73
-77 -2
52 99
-17 -54
58 71
15 -86
-18 9
9 8
-8 57
-16 95
8 -34
-72 56
81 -13
63 65
77 67
-8 -68
-18 3
-46 -33
-35 -66
57 -10
4 -76
33 -75
33 38
-53 95
42 -75
-9 31
-12 -98
-11 -29
-64 -79
40 -96
-64 66
-79 84
-97 -29
5 -25
65 -31
-7 -37
-12 -79
11 78
73 73
98 59
-58 -33
-31 -59
-36 -18
-44 59
63 -47
-81 96
33 52
-77 -60
-33 36
-95 -20
-5 -67
-94 -2
-23 83
8 18
-71 -98
-30 -42
-1 -29
54 -9
-98 16
69 -90
58 18
-30 88
80 -9
-72 -55
-23 -53
-68 -67
-16 73
8 -61
9 13
15 -83
-25 38
-91 37
-71 27
-57 15
-23 83
1 -88
52 -64
-21 23
20 32
31 -41
-55 98
71 64
-97 29
-58 -21
-52 -36
-98 9
99 -24
-97 63
-21 80
63 98
62 8
-4 -35
40 -34
50 76
-65 -39
-41 -19
-55 -20
61 82
-87 -100
-36 55
-35 -38
38 -34
82 -36
-56 -7
-9 -87
21 59
-76 -95
-29 -82
46 17
78 -79
2 81
-86 89
71 0
0 27
-17 84
98 65
83 0
16 -12
81 65
78 12
-29 -76
-71 -48
-30 -52
65 0
-27 68
1 43
32 76
-24 -33
95 -45
91 76
-7 -70
30 90
-70 -71
46 98
10 64
40 -23
29 33
81 70
-78 51
19 -2
93 -4
-76 -80
-12 -23
32 0
-72 -65
-35 24
-34 -26
3 47
-3 -4
-88 -99
-22 59
-8 53
-25 59
10 -74
24 -51
45 81
54 18
95 21
-79 94
-71 -20
-96 -98
-24 -54
45 -78
-30 31
32 -58
-99 -17
-64 -89
22 -7
-29 11
60 85
66 96
-34 -42
31 -28
-34 -39
-7 53
7 -53
-55 -51
-29 83
-34 90
84 42
77 98
61 85
-69 -87
-24 -16
-31 2
-2 88
98 87
-88 16
30 30
-65 -70
-22 -77
-27 42
-23 -25
-34 -4
-62 43
-7 -98
88 -85
80 -45
-9 71
-27 -92
97 12
-49 24
-60 47
-23 -37
-6 70
46 -36
58 24
99 -81
15 -65
78 -83
-80 6
-27 -76
-21 60
31 -94
-86 70
-66 56
-20 63
11 -15
49 -27
95 40
57 95
19 41
12 15
51 -30
-60 80
-14 -19
5 -88
72 11
17 36
-42 -45
-89 32
-53 -8
78 -56
17 58
-49 27
-26 -36
-94 -92
23 93
-85 -30
-50 -74
-40 -93
-81 -12
-100 65
2 43
98 17
-99 60
-95 62
-94 -51
59 83
-38 -25
39 -90
70 36
-19 -3
68 -54
-28 -4
4 -82
-41 32
-50 -25
-81 -41
76 4
-84 69
31 30
79 -79
-96 37
64 38
1 -34
54 4
-99 -29
-31 -65
32 21
-8 -6
78 88
-85 51
-90 -72
32 -66
-96 38
-80 1
22 35
-75 99
-10 27
45 89
-55 43
66 0
35 99
20 -64
30 -81
59 64
15 8
-11 75
61 -23
68 73
-26 65
-47 88
40 97
-24 -22
-81 82
25 73
-27 -35
-36 -9
27 61
32 36
1 -91
-30 -8
-81 -84
-54 59
-16 80
46 -86
54 59
8 51
-71 -54
-72 36
9 -100
-35 53
97 83
-4 -19
-82 24
-14 -72
20 19
-13 56
-33 39
-28 33
-1 51
-38 -82
69 -94
-48 22
-42 50
2 -19
86 68
3 68
-51 83
-40 99
-73 -33
86 46
-46 0
91 -74
59 -27
76 -37
-67 -41
-83 91
13 54
-44 -31
2 24
-8 59
-21 -11
-76 47
-2 -20
0 -16
82 -23
29 -62
-36 88
-87 21
36 -76
-65 90
81 22
-24 -48
-27 -54
70 -15
-56 76
-83 -86
13 -25
55 -59
-22 -89
-59 -45
-6 -88
-99 70
-9 58
34 66
56 80
2 69
73 -11
-12 78
-85 -53
75 -42
-75 -41
34 92
85 38
2 -58
-3 -37
-72 43
13 91
2 -71
95 57
37 -64
58 4
45 91
69 31
78 -67
-8 37
96 5
-3 -31
-93 -17
25 -65
-2 9
-96 74
18 26
7 18
-25 -80
-92 -45
11 64
55 66
-2 -44
-10 -24
-87 -72
34 34
-97 62
-55 83
-82 -90
-28 22
-52 17
95 -72
46 66
38 -45
-38 73
-11 47
13 73
-71 96
-27 63
92 -29
-95 -62
-100 -22
-39 -92
71 97
-29 -20
49 95
-77 20
-62 -4
51 22
-5 77
-24 65
38 37
33 41
5 20
91 -94
97 -51
27 97
-95 97
47 40
72 28
23 70
-10 21
70 47
-31 -19
-42 -27
-61 16
-47 -14
-73 77
-3 87
45 -16
-15 -59
-62 42
-8 64
5 95
24 91
61 -23
51 -53
94 -96
-15 21
94 -85
32 -5
33 85
63 37
-24 60
97 -88
-95 74
-32 -18
-53 -57
-61 12
3 52
81 63
62 -83
73 32
-95 9
24 -42
5 52
37 -92
46 -62
50 -48
-83 74
48 -1
82 -78
-34 -83
29 -71
33 -43
72 85
-98 14
99 34
-57 75
85 -96
8 20
28 -58
-68 -54
-2 -74
-99 34
-66 15
-10 1
18 -84
97 56
65 -100
85 30
96 37
-77 39
14 95
52 -33
87 -49
-7 -40
-42 -33
-6 25
-41 57
-76 -53
48 -7
-39 14
-78 -81
-81 -42
88 87
-24 56
-5 85
32 0
19 61
-88 -64
-3 6
73 5
82 7
-84 -81
-34 93
-13 -59
7 67
86 0
59 30
-31 57
13 -1
-64 46
98 -92
69 69
-95 17
75 81
-62 -46
62 48
20 -80
-87 78
71 86
5 -48
53 -21
61 -9
-52 -36
63 82
28 61
21 -100
21 26
95 -58
75 -22
33 70
-29 -87
85 -53
77 91
29 51
55 1
32 -65
-22 -40
24 -7
-73 27
-60 -60
-60 56
-66 14
56 13
91 -70
52 -16
-51 -24
-25 -77
-86 -65
38 -95
6 -4
31 -7
54 90
-65 -91
-12 -22
-30 -38
-82 29
95 10
75 -95
87 51
87 67
-57 39
63 -63
-76 -29
-24 29
-75 62
-93 82
72 8
18 61
92 -93
-31 -94
-13 -38
25 -60
97 -66
38 0
-81 84
-25 25
62 -85
-14 -62
20 86
0 62
-4 45
-46 8
-31 -80
79 24
-18 -87
-24 -100
92 22
56 53
-95 89
25 -6
-80 -75
-60 -99
91 34
21 -22
92 11
-43 73
-19 -12
-40 -37
39 3
16 -61
-61 -79
-5 44
-51 -68
73 -48
46 -45
-68 -1
0 18
-47 -76
2 -9
-97 26
-1 -6
82 -88
-73 33
-64 94
-67 66
39 4
-51 -76
-92 -65
-13 -50
5 82
-19 85
4 37
61 81
-76 9
-65 -85
9 79
91 -14
-81 -57
-63 70
36 -45
12 -30
-53 -72
-37 61
-89 -45
-63 2
-13 -31
-94 -30
-97 43
-96 20
35 -72
-93 91
-22 97
-60 51
21 -51
-43 -70
-48 -90
-62 69
30 -1
55 1
-97 -7
14 44
-85 -58
38 -27
93 -82
-54 42
34 -20
-23 -94
57 -88
-87 -30
0 -70
-60 -30
-61 4
-96 -70
31 21
-85 11
-45 -14
-19 -19
54 -30
-59 -81
61 -1
80 -61
97 -5
-41 -91
-69 54
37 -27
43 -17
88 29
60 35
-44 92
-45 -57
-18 -77
5 10
33 63
34 -41
59 74
65 -5
43 -9
0 63
-31 54
-73 -16
67 -94
-12 23
-42 55
-1 -52
-57 -34
-10 54
-35 25
-60 95
-94 50
-24 74
-30 17
-92 -59
56 65
19 -39
45 -74
84 -1
74 12
-80 -28
-28 -68
-2 19
-26 16
93 40
-13 -9
-59 -66
-92 -6
-89 -31
10 -70
95 72
85 -33
-55 15
-86 -18
46 81
-94 88
72 66
-62 -22
46 -78
15 12
55 40
74 -98
-52 96
-35 34
65 -88
84 27
46 60
-73 21
-97 43
25 93
33 49
16 31
61 5
-20 54
-82 8
-100 95
49 73
21 26
-40 98
-90 38
-83 -75
38 46
-33 64
7 65
59 -78
71 84
15 -56
2 -61
45 -23
37 82
29 63
-12 37
-37 -70
-72 61
-1 23
1 90
-12 17
-67 -61
56 55
77 -8
-23 -33
12 1
40 92
-79 -86
48 -62
-99 58
-53 -71
-41 -58
-97 10
86 -12
-70 -45
24 -61
-70 19
-74 57
-99 86
-94 56
-43 -22
-77 18
-16 49
87 96
55 -68
-39 41
83 54
-83 20
60 38
45 -97
94 43
-38 -31
78 -76
62 -60
96 80
-90 68
-62 -95
55 -67
-70 22
54 -6
-65 37
-57 67
-12 70
-39 -40
-37 -100
43 -94
-72 -43
-67 57
98 58
38 96
64 94
52 1
-14 -97
25 7
53 16
-95 -68
99 89
11 -51
-39 -61
92 72
31 25
34 35
-55 59
17 20
16 -57
89 -92
-39 -68
-65 41
-100 47
-84 13
-3 54
43 -79
-78 -52
-12 -94
79 -16
61 -68
19 -38
-79 -53
19 64
-93 -10
-50 -65
-32 97
-10 11
-41 -45
68 -9
-55 -25
-52 -83
-34 40
46 -77
-41 6
38 25
39 72
71 -43
-78 60
-97 -9
26 81
30 -95
17 46
-98 -79
12 28
55 22
40 9
-51 55
30 58
-36 95
-27 41
13 -98
-89 -88
25 -63
28 -67
67 -20
-15 -94
53 -3
18 54
-66 7
-71 82
-9 41
-3 21
-21 -8
-12 79
21 -5
-51 13
25 -66
-29 -39
-54 -98
-18 51
58 -87
11 68
-26 -37
70 81
64 9
-50 51
-75 -93
0 -1
-21 4
52 40
-47 -100
86 -99
-38 30
33 -90
61 9
22 67
-13 -29
34 85
19 62
-29 -44
60 -17
-58 21
73 85
-11 -6
86 -48
-96 -59
-57 91
22 90
-100 -43
66 -93
26 14
37 -59
78 -86
76 -76
-20 -3
32 99
-28 -60
-75 27
-79 -55
-3 -33
-40 60
51 1
-56 -45
13 -75
84 96
10 -69
-76 11
25 -100
-76 55
-48 -47
-48 -44
-51 37
-36 24
22 -74
-7 -63
97 -81
-27 6
13 1
26 17
-35 78
62 11
74 28
28 86
-7 -49
4 52
60 -2
-65 8
-68 -91
-64 -49
-60 54
26 -19
87 90
-9 51
-80 1
-21 69
-68 -15
-87 -59
80 -94
-43 41
-55 -75
23 61
-79 -94
-85 10
13 -94
12 -49
33 54
44 -62
41 -28
25 87
56 61
-53 -95
98 41
47 -40
54 30
56 -95
18 99
-95 -69
42 40
46 73
-76 -45
-91 -42
-51 9
34 5
-56 90
4 -41
-36 53
-6 51
63 -85
-3 -59
98 17
17 -47
-63 -31
61 -26
-53 79
86 -41
-31 -76
-15 48
-47 -30
-87 -81
-21 -50
-97 17
-32 -5
10 -3
-10 83
1 60
-87 -59
10 70
96 -50
81 -29
-18 -56
-80 68
16 51
-78 5
-23 21
71 -65
4 56
-97 26
75 72
7 14
-26 -34
-41 -92
30 -61
-58 69
92 27
23 75
-5 -26
77 43
-100 -89
-15 51
38 -23
85 -92
-13 -58
66 89
-45 -38
-20 -26
-18 -19
-28 39
-40 -87
-8 -34
-58 -48
-22 -85
58 37
1 -92
59 10
88 86
46 -2
-8 25
14 -67
-4 -41
33 21
-98 28
-32 67
80 -25
41 -20
33 -76
-61 35
-27 63
71 97
8 74
12 -17
33 -52
25 -42
-56 -75
-16 -60
13 -8
-80 69
37 -32
43 -60
21 -31
-6 -64
24 -94
69 33
-17 97
23 -7
28 91
91 87
97 -39
-62 16
8 -59
-15 -25
-56 74
-58 6
46 81
-97 85
73 -33
-27 -3
-70 -51
98 95
-12 13
-44 21
-40 68
-71 99
-32 -90
-97 -33
-6 28
2 -11
95 39
-28 44
-19 -7
61 -25
72 -45
-44 86
33 55
-80 -45
28 73
41 -71
80 89
99 70
90 -52
77 54
-57 -16
75 -21
-76 -62
32 -52
23 5
12 -55
83 -52
-97 69
-76 17
-10 75
-96 4
-7 -68
54 85
85 -56
99 -4
33 62
94 -58
-67 8
8 -82
-25 17
62 84
-68 40
-39 -3
-86 87
14 -63
41 -43
-11 19
-44 87
-69 95
-8 -59
56 82
77 77
-15 50
20 -90
-21 46
30 47
-13 -59
-10 14
1 0
37 5
14 -85
-14 -21
-82 55
50 -6
36 -51
84 94
71 -56
94 61
23 -91
55 -34
-87 -98
95 -15
99 -47
53 -15
42 -48
-81 -57
-26 -44
-89 6
-100 -8
-7 14
8 -12
32 -23
90 -68
-59 -22
-4 -35
-81 96
-67 -38
15 -86
-48 -68
-64 -80
-85 46
55 -45
61 -11
81 18
-68 14
-98 -73
-44 -7
25 -13
65 99
-36 18
14 -38
24 -16
-50 47
31 91
63 -46
53 67
74 79
-32 8
78 36
-50 -98
81 63
-92 -96
-9 -63
-64 -15
-97 -91
-77 -47
-11 -31
68 -1
-10 39
46 -1
-82 -95
84 -1
59 92
-20 -95
59 -11
-96 -18
-13 40
29 -88
-3 30
39 18
71 0
21 62
-39 -88
3 -11
40 3
9 -51
0 58
3 -55
-50 -89
-47 35
-82 -91
1 -43
-30 -43
87 -69
49 67
-80 -21
93 -28
-16 41
83 -45
10 87
89 23
-66 71
-83 -11
-47 -11
-76 -33
-71 6
63 94
-49 30
13 85
5 91
-30 -38
-14 25
-82 -37
-30 22
10 -99
25 33
4 -49
-8 11
-100 21
41 45
-97 -76
-81 70
-48 19
4 -78
-87 66
80 -91
-14 -65
-49 -33
89 5
-42 -27
-94 -49
2 35
-54 -37
84 47
-8 98
-77 25
-53 -52
67 94
-84 0
-34 -29
-19 82
69 -54
-35 67
-76 72
98 -93
-90 -65
70 56
-81 -35
-88 69
67 -96
-19 -44
4 42
36 29
81 -29
43 5
-61 -53
-55 -76
43 -92
33 11
-30 68
-97 31
-13 -20
45 25
-6 7
-37 57
-86 -86
56 -4
77 18
90 -7
50 58
57 -15
9 89
49 -97
-34 -96
72 -18
-87 36
-84 27
-47 -47
60 14
-29 -1
13 75
-29 -63
8 -78
-33 -99
11 -2
83 -83
-94 -31
-76 -56
-52 55
-62 -10
78 73
-48 -97
-44 46
-40 5
57 68
43 -16
21 -78
-56 67
20 -71
-21 11
28 -69
0 -86
-90 -14
-58 24
66 -89
84 -68
87 44
-9 -64
-6 96
64 3
87 -97
-75 -40
79 9
-10 -78
33 -1
30 22
-12 -86
0 -69
7 -1
10 -6
-22 -74
70 -54
-66 -82
-86 -87
17 28
-17 78
90 4
65 9
31 69
-32 -92
-18 -84
-70 51
34 70
-79 -17
29 -59
-33 -17
29 -92
-74 90
55 16
96 -60
70 -28
29 -20
89 61
-18 -54
-46 -28
-12 3
-46 36
-41 -29
54 88
81 -20
16 -17
-57 -99
91 97
13 -31
-39 -2
71 10
90 84
-3 -48
-2 31
55 79
-18 5
93 -57
14 36
-24 -96
-15 -80
4 -42
-41 -99
98 -1
69 -98
0 -36
74 82
66 -77
-25 16
99 -37
95 26
83 54
49 -23
66 28
33 -36
-64 -58
-48 70
71 -8
92 11
-35 21
37 13
-5 66
41 11
79 -86
-23 69
-5 30
-16 -28
2 -70
58 -66
-50 -80
-38 -9
-39 -14
31 15
78 84
-42 23
-64 -56
62 95
-41 -17
-3 3
-76 90
21 27
51 -29
1 57
43 -47
-75 -40
3 93
-68 -12
55 17
-47 63
-62 -15
-19 11
-41 -26
9 95
-49 -30
-40 -93
-14 -25
47 33
-9 -63
-57 -52
-40 -66
80 -32
8 16
-67 64
27 -85
1 -14
50 17
91 34
30 61
-69 -48
-41 81
-44 -9
-75 45
35 -97
-96 -32
2 78
98 -36
32 -66
98 7
22 65
-96 -23
94 75
10 6
-33 37
90 -60
-79 -2
41 -99
-1 -71
-67 66
-66 -66
-88 -63
-47 -11
-25 -90
-31 86
3 -26
51 92
67 -41
65 46
-65 -71
-79 84
-18 -75
-73 -58
-76 -76
42 26
60 -91
98 29
70 24
-14 -49
89 -55
19 56
0 -55
4 -77
69 -81
-51 -78
-94 56
82 -30
-35 -59
-35 61
-13 -59
-50 -93
-12 99
-25 -52
-49 -42
4 13
-79 -59
-62 75
98 21
-7 42
16 19
-24 -6
16 23
16 -42
-81 33
74 81
40 -42
-91 -76
-28 -71
-61 -64
1 24
17 43
19 23
96 55
-51 -31
89 -11
83 18
93 -35
-25 -48
85 9
-58 -54
-44 60
84 82
63 -83
-47 -91
-15 -97
-2 54
-71 54
-39 69
-61 -74
15 -38
80 -72
-7 -49
3 73
-66 68
66 -12
-100 -24
-89 -78
-61 37
46 74
29 -56
98 83
-11 -72
97 80
-94 50
-88 -64
-36 -27
24 45
-30 9
-71 79
-32 5
33 95
-83 -80
57 44
19 -92
-48 -45
90 -52
-72 -97
83 -21
-71 -74
-38 89
-38 94
-9 -21
40 39
18 61
-82 70
65 38
59 52
-52 35
-5 -32
24 19
20 48
51 14
94 48
74 -14
-25 75
21 89
-80 -11
-72 -88
26 60
30 -1
-63 44
-52 -52
35 48
-83 -51
68 -70
30 41
-93 -12
-63 -19
67 53
29 63
4 94
-64 -98
-85 24
-63 -84
15 41
-63 19
67 5
-95 -62
-13 -46
-63 -78
15 -45
-4 67
-99 23
-72 33
-4 68
15 57
60 53
-23 51
67 27
-80 14
-66 -65
-8 -91
-53 53
60 -3
20 -14
-6 97
16 87
-38 90
-25 17
-62 -9
-100 23
-24 53
-44 60
-61 54
-80 75
-90 -41
-31 -94
12 -46
52 -32
7 -76
-79 -28
-89 53
43 -11
-93 -26
65 70
-7 -55
98 65
-22 70
-24 -94
81 17
29 -4
-45 44
98 50
70 19
43 50
74 -71
82 16
-95 86
-88 -23
-53 -88
-43 77
-6 41
11 -93
-87 24
94 39
87 47
-9 23
-75 -58
61 -11
92 47
77 -44
72 66
4 59
-63 78
42 16
-55 -16
77 -100
59 -8
-84 -60
79 25
-28 -90
-15 67
61 63
-96 -38
-90 -25
31 96
15 87
46 4
-66 -81
-12 35
-80 76
28 -15
77 49
90 -12
-87 94
56 69
-12 -63
-100 -58
4 -98
-23 -96
53 14
-47 -92
-36 -32
-61 -100
-13 -2
-73 -21
65 -41
-91 55
95 -6
-60 99
20 60
97 97
91 61
63 49
54 -5
62 -60
-100 -41
-21 -85
67 -35
15 18
50 -45
14 -6
-98 -33
61 -25
-26 97
10 -98
99 47
-40 -41
-91 90
-63 -77
-85 15
74 51
19 -85
-68 -47
23 -62
-7 0
94 -27
-8 60
-65 96
46 -46
-92 -38
61 -44
-33 -93
49 -79
96 -24
91 38
-10 -89
-74 17
70 61
99 -89
11 -54
-29 -55
-95 5
-46 64
-82 92
-94 -100
-92 -74
85 67
40 -25
4 -14
-76 36
47 -5
-87 -34
79 26
37 35
81 79
-76 -100
-43 -47
69 81
73 11
-37 87
65 32
-49 -77
-49 2
88 92
-20 55
-98 64
83 80
-42 67
3 62
-7 47
47 -64
-59 17
-2 -96
-32 -90
97 -76
8 -17
7 14
-84 59
3 58
-35 -96
21 36
-32 -33
87 4
-82 26
-27 -10
26 12
-71 72
28 68
78 -20
-44 48
-68 28
94 64
-25 39
-51 -89
67 31
-33 -34
33 -12
44 35
-87 20
62 63
-25 -62
62 -59
61 -44
36 -10
91 -9
-81 44
-40 -77
14 -86
77 36
-81 63
-71 44
85 -14
73 14
87 29
-8 38
76 49
42 19
76 -10
80 3
95 -36
-91 71
46 66
32 -31
57 -40
-77 9
-94 76
-86 -96
-29 91
-28 39
-23 -42
59 17
-64 -95
-5 2
57 -88
-71 -72
51 52
-29 -62
-41 -2
10 -97
-35 -83
93 -14
-10 -77
66 60
-1 61
71 -62
55 29
-14 31
85 44
8 82
62 42
-53 37
75 13
63 -30
-75 -65
-96 -26
60 -58
-35 49
9 -98
16 -69
-30 61
-58 -13
70 77
-27 28
-38 55
-50 82
19 -76
-10 -51
-29 -53
-66 -47
-21 -4
39 -62
39 -61
94 56
88 -51
62 10
97 -90
87 -96
-16 20
-25 -87
95 47
71 -23
-22 -34
13 -39
-33 49
98 -1
-11 46
38 -11
-55 -71
-70 32
-58 -67
-57 92
48 91
11 83
96 -68
79 39
68 43
-91 3
16 99
48 -25
74 83
-18 -2
87 -84
-55 -80
52 -67
-82 -73
-81 46
-11 -86
97 19
51 -99
-8 45
-12 -17
38 -40
-41 -51
24 -46
90 60
-90 -49
-81 -28
-8 98
83 -36
-9 -56
42 -99
-85 -38
81 -69
84 64
-39 -16
67 -24
-11 49
51 5
12 0
-88 -73
-22 2
74 -77
73 -3
13 -34
-38 56
9 56
70 56
87 25
-59 51
88 72
-100 3
-96 7
65 -59
-6 55
35 -23
79 6
-19 -87
-37 5
71 -46
-90 28
-15 85
41 -28
49 -93
59 -20
-96 90
-55 -1
-94 57
98 -50
57 71
-52 -8
51 -8
-42 79
-16 -68
-13 -27
-99 -93
44 -51
21 -62
-54 -63
-30 -30
-87 57
-44 -26
83 -42
-40 -86
86 82
-74 -82
-38 86
18 77
-90 -28
45 54
14 -51
-2 -1
37 -42
-52 72
-58 35
-8 18
44 -45
14 0
15 28
-38 74
44 -47
-61 -12
-82 59
-69 57
-36 80
-71 29
-72 78
88 27
-49 17
-47 -64
6 -6
1 -3
50 -49
79 67
42 -35
18 -59
-19 -62
49 9
-81 -1
-21 33
-38 -17
-39 -40
40 -58
11 -51
-62 91
-15 16
66 44
47 87
6 16
81 26
19 -52
-61 -49
60 53
-48 40
-27 31
-86 -16
44 35
29 -73
-71 -16
-72 -59
9 -33
63 13
-48 -25
91 11
89 59
59 24
75 -39
-86 50
-9 -12
-81 -82
-46 64
-48 86
-87 99
-65 33
26 -58
-39 -37
29 -64
11 77
-12 33
-56 3
79 -71
-10 -96
6 55
95 4
-25 97
14 66
52 29
-20 18
-49 66
60 -32
31 78
-86 74
51 -88
46 25
80 -61
-32 42
46 60
-33 11
-85 -95
54 -38
-72 -58
72 -32
86 33
-49 -48
20 90
68 -89
37 -96
-84 82
-41 -12
-21 14
-43 92
4 0
-89 55
12 23
37 78
73 -33
-13 17
-50 45
49 -26
-84 1
-35 -30
-74 84
18 54
-57 94
-39 29
-27 -26
26 18
-75 77
-48 -11
-32 -10
57 89
7 -59
38 -56
-30 9
63 -13
9 -14
-30 -72
82 35
30 40
-30 77
-48 91
-39 43
-27 30
-80 -62
28 25
-33 -60
-67 -15
-18 26
-65 71
-42 52
91 98
78 20
-45 -87
54 13
-10 37
28 76
-29 -6
-75 41
80 -4
74 -55
-63 -40
-2 -59
67 -30
-59 80
-16 54
5 -49
71 -25
-59 -17
96 79
16 95
23 -61
33 97
38 46
-57 10
7 -30
-17 -83
-90 44
-86 81
13 29
-65 -93
-89 49
-75 40
-76 34
13 -82
65 72
-89 -70
79 -12
-66 -3
59 17
40 -71
98 -33
63 -77
56 -92
-11 30
37 -31
-82 25
-35 0
-65 95
-87 -59
-86 48
30 30
-82 77
-26 9
79 -95
86 -66
-47 19
-6 85
45 -84
-2 -50
-29 -65
12 88
-12 -11
-63 29
23 23
-76 -98
33 37
-34 54
-84 3
8 -7
27 95
-34 -53
-68 32
0 60
62 77
64 99
87 -67
22 -72
10 -73
51 11
14 -67
22 75
-19 -53
50 88
-19 -51
-56 -89
-42 60
-56 -38
-78 -58
71 45
-4 84
69 -12
16 -65
-38 -8
55 -74
-89 -87
40 -31
-32 33
-26 74
-77 71
82 7
-32 -80
-18 92
86 -36
61 -43
93 57
-55 -43
-56 63
-93 14
40 7
-28 62
84 4
-63 65
39 -48
-77 -37
71 14
34 57
1 91
-45 69
-74 -13
97 -83
-74 71
34 -58
56 -29
78 -7
-44 -51
53 -98
67 -60
-56 42
-94 -42
73 -80
29 77
20 7
-24 -69
-30 75
44 -46
-74 -33
10 71
-58 60
-94 -82
-33 72
74 -38
-46 72
15 -6
52 -50
-30 -27
-98 25
85 -100
-69 22
-51 -87
-32 -47
21 94
65 -6
-94 83
-99 59
-17 -88
-74 -79
93 -91
3 -68
-17 -40
33 -92
33 53
53 35
-91 -30
-16 36
42 -41
-47 52
98 -37
98 70
29 56
21 51
72 64
73 -1
32 18
78 -23
-15 -85
20 -36
51 70
-59 -74
62 61
-80 25
-71 4
19 -75
95 79
35 -31
-79 -24
-60 -92
8 93
-37 -87
-58 92
59 -58
-42 -21
-98 -21
5 -91
70 -57
20 -80
-24 42
67 49
28 96
-35 14
42 -85
-76 -62
84 82
48 -16
-72 -53
-59 42
-78 87
-34 -1
9 -76
-81 24
44 -21
-78 39
-60 -80
68 41
-44 68
35 86
-76 98
33 11
47 -92
-92 -67
75 75
14 -51
1 49
25 81
-43 -90
-59 44
-65 -99
73 -85
57 -25
95 -6
-20 65
15 -17
94 -44
-83 -52
-67 -6
-31 -75
-74 -91
10 84
17 27
37 -64
32 26
27 31
46 20
47 -48
46 3
-80 -5
78 78
-65 36
36 24
-82 -48
-71 70
31 -60
76 -45
83 -59
-23 -55
71 -28
-97 62
-18 -50
-46 50
-95 81
-24 -99
79 -74
14 -94
31 66
-82 -50
-80 1
-7 99
-45 51
45 -79
-34 90
-86 -78
36 89
-61 70
-28 70
52 -6
-53 -23
-45 -72
-65 78
45 21
72 18
71 15
15 44
-52 -35
-14 22
12 93
67 5
-6 -22
-52 4
-74 -14
80 20
50 78
59 79
57 57
-21 46
-36 2
70 -97
47 87
-48 -15
-93 47
40 -9
96 -29
49 8
64 -58
28 50
-30 90
21 -40
-61 72
-18 -20
-74 49
-97 61
16 -58
-71 73
-42 -37
-89 -66
25 -83
-12 3
63 -27
15 90
40 -21
-78 96
-44 62
-13 43
75 -52
97 69
-18 -99
95 -100
74 98
-87 -76
-90 84
54 76
-20 -13
60 94
84 -57
23 -72
-76 -24
91 45
-60 -68
-20 -22
99 -85
68 -71
-70 -19
-69 63
39 56
40 -56
-79 50
-63 -54
-59 -47
-4 50
30 77
-46 71
-32 6
38 -55
-25 -40
-25 71
-100 -26
7 -57
58 82
38 38
34 -2
-100 -69
-23 7
60 89
39 18
-52 -91
80 -31
27 2
-1 -99
-39 -34
89 26
52 -11
32 89
72 -41
49 -9
41 -38
-7 -17
43 41
30 71
-59 3
12 -78
-57 -11
43 -55
98 71
89 94
-28 -41
48 78
19 -76
-17 -67
-24 -57
6 84
-32 69
10 99
22 -89
-34 92
66 64
-95 31
76 -90
33 1
-53 26
85 22
0 20
44 -14
-29 71
-85 80
64 -1
-32 21
20 84
47 30
22 95
11 -86
45 -11
-49 -32
69 -27
99 84
6 69
-11 36
74 58
29 85
65 -55
-4 -4
-83 -18
-34 64
-6 -10
-15 -86
80 69
-90 48
-84 -23
50 -39
97 38
7 1
-63 -45
-87 48
33 64
61 -6
43 -49
33 -42
-78 60
-98 51
65 17
-14 -61
87 -3
74 -4
9 -96
42 -24
77 6
61 -99
49 67
31 26
-80 -66
-15 -8
50 15
-24 70
22 73
-58 -70
-30 -61
37 28
76 -91
-87 11
88 -15
91 7
-40 17
-16 4
-70 -91
96 -85
-40 -98
18 -67
-96 -90
35 46
76 -22
17 77
-43 98
-92 -46
18 -67
-30 73
-67 6
-77 -87
17 -7
3 -40
-25 47
2 -49
-16 35
-2 -80
66 -12
66 -67
63 -6
-7 -64
-10 -80
-94 1
-26 60
-34 -24
-10 -41
53 -58
-46 59
7 -92
-41 -19
-83 -91
81 43
84 -33
0 -1
93 50
38 -85
-64 -14
39 -71
89 -58
-30 66
-75 -92
-98 60
20 78
38 -44
37 79
40 97
41 6
25 -27
72 -23
79 78
93 65
-96 18
47 -71
-77 -5
-39 -12
-52 -6
-94 -61
69 -98
-90 26
-43 8
5 0
58 49
-78 98
-73 -16
-38 94
12 -93
25 -45
-63 16
-89 -76
-36 -40
54 -75
-84 13
15 61
-61 85
-7 26
-74 -51
98 51
1 84
-80 -79
67 29
36 -18
-10 -21
95 -87
-63 27
39 59
36 1
66 -54
59 52
37 -18
60 50
99 83
34 38
-26 50
23 87
-32 -5
29 -10
22 56
69 -81
-2 17
-72 -94
-40 90
-64 64
16 -74
-40 47
-3 -94
89 -80
58 -51
51 -25
-86 85
-20 -26
16 -17
-61 -91
81 -62
8 -91
67 -21
-31 36
-47 -73
-94 -43
-96 69
27 -34
-13 2
3 16
43 97
82 -46
28 58
-59 -86
76 96
-65 -20
-59 57
-64 43
-69 -91
88 -42
15 -16
-94 94
-39 -28
26 33
-98 0
-3 -71
-17 45
3 -68
98 63
59 44
77 74
31 46
-11 -82
-73 20
30 21
57 -84
-90 97
-31 63
-51 -29
71 95
76 -49
96 -79
-95 -89
74 0
96 -97
30 -14
-68 73
92 -87
-15 22
95 71
87 -85
65 4
-80 50
73 -66
82 -31
20 -3
-30 58
70 -32
20 -25
-70 -4
82 17
-58 12
26 -85
-11 -66
-94 -89
79 -64
40 45
-5 44
30 60
81 -31
66 12
-77 -47
22 -64
-37 45
-59 -58
11 -55
58 76
43 54
40 -16
-53 -68
-80 46
-8 78
22 12
-27 39
-92 -95
-31 -46
8 26
14 -8
89 82
76 29
75 -69
59 -12
94 33
69 2
-14 34
-19 68
47 6
-82 25
-36 -79
-74 -57
-50 -75
3 -4
40 10
-8 70
-49 30
13 -80
8 -74
11 -28
26 -46
89 -68
-99 -88
18 -78
-1 0
-27 -12
32 63
40 0
48 34
-56 96
18 -60
22 -12
8 69
48 -65
-41 69
-77 -41
-56 85
49 64
86 -55
-3 -33
8 -15
-99 70
-78 92
26 -7
-11 22
15 70
-42 59
29 -63
-75 18
-13 -23
-12 -16
-78 11
-25 32
29 71
91 -86
-1 78
49 -49
-57 -48
46 23
98 69
-9 87
47 13
2 1
-81 -72
5 27
64 7
70 45
-22 38
-39 97
-89 59
38 -96
-45 -37
15 -61
62 -50
-81 -87
-99 12
77 10
-89 0
28 -20
-93 83
-10 85
30 23
-39 -88
-91 60
20 23
-21 73
88 -42
-3 35
85 -45
-31 -89
-24 57
-81 -78
22 -47
33 83
66 -98
87 -7
68 -92
-80 -31
-70 -70
5 81
6 50
60 84
-29 -54
2 -43
-80 -91
66 23
-3 -4
2 85
20 71
73 87
-68 -14
-6 12
81 -99
83 -34
-100 -89
13 -60
76 6
5 -27
-18 -52
-43 59
-66 -45
51 75
12 31
-46 -95
93 -67
-29 -73
39 -75
78 18
84 20
-16 61
53 84
-57 97
-77 30
30 48
7 5
60 39
14 41
-76 -36
-31 78
-89 -22
5 -86
92 -17
-99 96
-32 70
-16 37
-26 4
2 -63
19 -31
-83 25
82 -51
40 -24
69 43
59 -94
85 93
-77 80
95 96
-69 -20
-24 87
9 84
-26 -4
-99 93
83 48
-83 -45
80 -46
-44 86
-38 14
-91 96
-97 83
76 68
49 88
36 99
-21 -4
-65 20
4 7
55 44
-10 78
26 56
-89 -27
-21 -5
-19 43
-42 35
32 -5
-22 -33
88 -13
-73 -94
57 -11
85 63
-17 88
-5 -80
16 40
18 -49
59 -94
-69 97
-56 71
-34 11
-54 26
73 24
44 30
69 -48
-90 32
-79 96
12 68
56 58
30 47
-13 -96
-93 -54
-47 58
55 66
-11 -64
47 51
-23 56
-68 46
-72 -97
-45 28
-40 98
46 -83
85 -67
91 -42
-94 42
46 -27
20 -55
-97 53
-29 73
-91 10
-38 61
-31 9
-93 -9
-6 1
-70 -65
85 1
19 -58
-72 -16
42 -44
98 71
-55 0
46 -4
-51 65
-10 1
-88 21
-66 -49
60 -74
-31 3
56 19
55 64
-83 38
81 -8
76 -12
45 -91
80 19
71 -5
92 -75
42 -31
71 93
-34 -68
-16 35
61 0
55 96
16 -70
46 12
-98 -77
15 16
-96 83
44 -8
63 1
97 -23
-46 -14
56 89
82 49
81 -21
66 -99
1 -83
-86 -21
-39 -91
21 -18
-43 -92
-24 -25
-41 72
-84 -68
34 55
84 31
-82 -17
-28 91
40 26
57 -94
-93 21
-9 23
-98 -39
-30 -43
39 -37
-77 43
-82 96
20 -49
-16 -71
37 37
-80 70
-47 -27
-36 -62
16 -23
-65 -96
-22 -27
48 95
-92 69
78 50
66 -22
73 17
-35 41
93 91
73 37
-74 -71
99 10
83 -53
-63 -48
-19 -100
-96 6
79 16
-37 -66
55 -20
82 -29
49 33
-98 0
-58 -26
-82 -81
57 87
-84 91
-47 35
82 67
71 88
88 72
-22 -48
20 45
31 -91
-11 84
-45 -13
72 -76
24 57
83 75
46 66
5 -99
44 -45
91 21
-12 97
38 25
-3 -41
-37 -22
75 27
37 84
20 7
46 78
-98 27
-64 -30
97 27
-55 -80
-79 44
99 51
-28 66
15 90
16 13
24 -95
-16 65
-7 88
24 -41
18 82
60 96
23 -84
-61 15
94 12
32 -64
80 -61
90 5
-77 32
-26 -85
-20 39
44 90
8 -96
44 80
92 -99
35 -80
-84 -38
-21 -53
62 -8
-96 -30
6 56
48 -12
93 -61
71 38
5 -83
8 97
40 85
42 -96
85 -52
-99 -62
-89 77
-61 36
83 79
-29 -30
-8 -2
-94 -73
-33 99
90 54
-55 -87
82 13
10 50
-12 -10
-54 -50
-50 82
-80 -69
60 -49
39 -69
63 52
74 -25
73 -66
-86 -33
-82 79
34 -67
-54 -92
21 79
-19 -72
-30 83
86 69
3 17
48 -64
-12 24
7 -39
-87 79
-46 -30
-43 39
-94 -73
-93 -77
-44 -76
84 -7
-28 3
-17 -43
-59 5
-25 54
-29 -73
-37 78
-46 71
-68 3
-17 14
36 97
37 37
17 45
68 43
20 -24
69 77
-68 -44
14 93
-2 15
-31 7
-14 25
-44 -8
-36 1
57 -38
76 -4
-6 -60
29 -35
-90 83
-22 -54
22 31
8 98
-93 -57
-64 40
-93 -27
80 -13
64 -71
21 -34
19 -80
-17 85
-66 -24
-32 -89
-24 28
-37 98
96 -13
-82 41
-8 -29
-34 -22
70 -1
72 -45
42 77
-94 4
22 6
27 28
-35 -59
18 62
73 -1
79 86
36 -50
-11 -58
84 -15
8 -41
-11 -24
75 74
-71 -41
-64 -1
-97 71
-70 95
-25 25
66 9
-29 40
-60 -64
75 96
98 -81
-38 11
48 -61
-2 98
-26 -44
-69 87
98 -99
0 -40
84 87
82 3
-72 -86
-25 -43
49 46
35 -2
-6 41
61 10
73 -55
-16 75
73 22
78 35
-26 99
-100 61
-78 -27
-40 0
55 58
24 94
-97 35
-19 99
-51 52
-6 -84
-22 -5
40 -93
34 -48
74 77
12 -41
-42 4
-82 38
63 -42
10 -60
50 -77
69 -35
-100 -26
-75 72
-23 -67
-50 -26
69 71
30 -20
32 -38
-61 -36
-25 -42
15 3
93 33
43 33
25 57
32 -47
-30 -25
1 2
-74 -30
3 26
52 3
-74 5
86 -27
35 8
24 -30
29 26
81 99
32 -56
77 27
-16 -25
-20 -46
29 68
-78 50
72 -70
8 -51
4 -72
-15 -40
-15 31
91 -77
-6 73
-49 16
15 75
-81 -67
60 -52
-25 48
-98 96
64 56
-42 -17
13 87
88 -69
-41 73
85 -8
75 44
68 -30
-57 67
-17 -86
89 -53
-20 50
98 60
-40 92
40 -74
34 -86
-3 -44
95 44
75 62
35 83
-72 86
-17 -28
42 -97
22 -97
-83 38
85 57
8 -94
18 -83
61 -42
-64 78
92 1
9 70
15 -59
55 5
-12 -58
81 -58
14 16
-28 -36
-33 -44
46 46
4 -64
94 -17
0 64
74 12
-58 -87
-34 -89
33 86
-73 76
-19 -100
-57 34
76 69
-62 -76
-60 -10
-2 10
-44 7
-5 -55
-20 12
-24 -11
-99 81
46 -49
-86 95
81 -87
89 47
48 60
-6 -30
91 43
19 -78
12 -71
-9 59
-82 -90
-93 0
-88 13
-98 -12
-79 -59
-56 55
50 67
32 -42
57 -17
-57 21
43 5
-100 -11
11 35
16 19
-22 75
37 60
-40 -52
61 45
85 -28
13 63
-30 58
-23 9
67 -80
-45 -90
-17 25
82 -2
39 -73
14 83
-46 -98
77 82
42 -15
33 15
-88 -98
-73 -5
-90 97
7 -8
-98 -19
-47 84
46 21
-54 9
59 -70
-91 81
16 -49
-47 -25
-91 70
-93 -69
-2 52
6 -7
40 10
-41 -15
30 50
83 66
2 32
-95 89
-50 -51
-69 -96
85 -91
-40 -60
-33 1
-77 -34
-51 -24
-72 83
-24 47
-43 -13
72 -84
18 16
-66 -46
86 2
-57 36
85 44
48 -7
2 -84
-92 33
86 15
33 -25
52 61
44 82
29 32
71 -80
88 86
-46 -4
50 7
-91 -12
-76 -11
-67 -96
-3 -90
78 81
-34 51
-82 87
-86 -96
65 51
33 66
-49 -38
-18 -38
-100 -78
18 -29
78 -46
-6 -31
58 39
-5 19
-19 43
24 92
-5 -41
98 42
46 14
-35 -87
31 -37
25 51
-87 82
57 60
83 66
72 -25
-4 13
-96 -33
38 -94
1 -1
-9 -81
-70 -75
19 86
-48 -71
94 -83
-19 18
-79 25
-40 -94
66 -66
52 -83
-56 1
-86 25
92 -7
-1 -82
17 30
1 -99
78 60
-1 31
12 -50
-33 51
-79 6
84 48
7 -58
-71 -56
-39 -75
27 81
6 5
50 41
60 -2
80 -50
-97 -71
90 -19
-87 33
35 -11
92 -23
36 -97
3 -86
-92 20
64 -90
88 -63
-81 -75
-18 15
-92 25
76 -67
-65 20
50 56
90 90
-25 -8
33 55
-68 -89
66 25
-9 68
-12 -31
-68 0
37 -96
-71 -80
35 8
-66 -36
-51 -5
-84 62
-30 -64
78 18
-90 -40
-85 -47
-84 -5
-80 -100
68 82
-96 -36
64 -91
-87 -64
-44 -47
62 95
-41 43
-62 48
10 -40
-52 -94
24 80
93 -74
-69 -14
81 60
60 -52
82 54
-82 29
38 86
-78 34
87 3
-2 -22
73 49
-3 9
69 64
70 59
-8 69
95 -53
33 -15
-55 -73
-73 -33
73 -94
-13 -91
48 43
-23 77
-20 70
-99 -36
66 79
-60 26
-10 -85
75 62
31 -39
8 -33
52 -21
-42 93
-88 49
7 -15
-54 85
28 46
23 94
17 57
74 56
-13 -30
96 40
55 27
-11 -13
48 30
49 73
-48 -92
-99 -47
-97 10
95 66
51 -38
-91 93
88 -68
41 -16
-60 -43
27 15
-45 27
-93 23
-90 63
-55 -4
-31 10
18 95
-100 21
83 -28
-62 55
-82 78
24 41
73 79
-37 -36
21 15
82 -44
83 -100
23 90
53 42
-61 -14
96 50
45 -40
34 15
39 -2
-47 17
-52 77
18 -29
-98 24
88 -56
11 -34
22 9
9 -7
-17 -43
-100 84
-30 -64
39 91
-97 -33
34 -16
34 37
-93 -27
-98 88
-89 -93
31 20
16 -86
-68 19
80 -73
21 6
63 -59
-75 -96
93 15
-42 -52
-33 32
68 -38
51 53
78 3
-57 10
17 80
-48 -46
-80 -100
-29 69
48 -48
58 -49
-56 -31
-74 -26
41 -78
-30 71
-45 -100
-38 37
-58 75
-70 65
-24 -80
-100 -27
28 93
46 -96
73 0
53 -83
-79 22
43 -37
37 -35
-13 21
-8 -21
-69 9
98 47
23 -7
-42 -60
-40 5
79 -14
-68 -88
69 -41
59 78
95 -6
-84 -36
28 68
-66 12
-67 -83
-52 -27
83 -22
77 -21
24 81
74 -48
58 35
-79 86
99 37
96 -47
-69 20
-86 7
72 79
-1 83
-5 -48
-31 33
59 -20
58 -30
1 42
-25 -12
40 -74
13 -99
88 -2
87 34
40 39
-41 35
-57 23
-46 -27
-44 67
-81 54
-13 51
84 -60
10 -54
40 -6
82 -88
90 68
69 23
73 3
89 57
-4 61
-4 29
-47 7
81 -9
-42 -41
-87 -63
41 -71
-30 -47
-49 25
71 32
-4 92
12 54
-71 -62
-7 -19
91 -98
63 -17
-88 -13
95 -88
3 -83
-23 28
65 62
91 -58
-5 -42
35 -87
-2 47
-9 7
-87 46
85 -97
-16 -58
-56 -22
13 -25
15 -92
72 -22
-53 -38
90 -25
-63 24
19 7
18 81
46 -86
61 -47
12 96
43 -48
-45 25
67 -20
10 -8
19 64
24 -76
2 -66
-52 -4
71 1
-74 90
-2 61
-6 45
11 68
-79 -60
89 -27
-23 -14
-89 -16
64 -15
77 31
-5 -74
-98 -4
-17 -81
15 -44
58 31
22 -14
99 36
-67 72
40 -7
34 44
69 13
99 -25
59 -53
32 63
-6 -25
1 -39
57 89
60 -44
12 92
24 -25
13 -78
58 98
22 13
-94 91
-12 -86
27 -8
67 -43
-44 -21
94 -22
53 88
-99 -12
-71 -93
-37 59
3 41
-84 27
50 79
77 -19
46 8
-48 -49
-35 53
97 40
49 45
76 17
95 -94
46 70
-90 49
8 48
-41 91
32 71
-2 62
42 48
81 -52
9 -29
23 28
-19 61
-47 40
-63 -70
47 -98
-92 65
35 43
-56 7
-45 45
36 52
23 14
-24 -32
68 73
74 70
-58 2
-70 -65
96 17
-91 -37
-7 -99
-97 -53
-88 -59
36 64
-29 0
97 80
-16 26
92 -14
6 -93
32 -32
91 -73
29 -42
-7 -67
2 59
-78 -11
-10 11
58 -33
-40 -54
-90 23
-77 96
28 -19
59 72
-42 -88
71 51
71 65
92 -44
14 62
95 21
-20 -92
-51 -51
61 -46
-27 -8
-10 -29
94 34
-18 0
33 69
42 -89
75 -8
95 -100
17 -1
55 66
29 9
-70 -79
81 -24
26 -38
-32 83
-25 -13
10 42
-72 17
-83 5
-74 10
-27 2
46 20
-27 -99
0 41
7 90
0 -93
80 88
-35 -18
-3 62
45 91
-70 17
-41 72
-11 40
97 -61
50 -42
12 76
-4 75
76 -42
99 69
60 -72
87 -42
-53 -88
-54 68
30 12
-45 43
-87 -73
99 -63
29 -28
-36 -60
-2 -21
-45 -86
41 -90
-80 3
-75 18
-2 -81
-71 37
49 -14
-46 -24
40 47
-57 36
63 47
84 -44
-20 14
54 -34
45 44
10 -96
66 52
-45 -48
22 86
57 -20
69 -80
6 38
-85 -30
-82 12
-52 7
-45 -39
17 63
-23 -61
-43 49
-6 83
39 -98
54 -96
-44 -43
95 62
94 30
51 4
-57 64
-66 -91
22 -42
17 -48
-35 22
-14 72
64 34
-16 15
-49 -79
-76 78
34 90
-100 30
-8 43
-27 95
0 -13
-97 -76
-66 43
53 -63
-58 56
-22 -30
-57 -41
94 16
-68 59
80 -22
-92 -17
-75 -96
35 42
-15 -75
73 79
-34 11
35 -27
68 -31
-41 21
-71 -27
-5 1
60 -40
76 -10
-51 6
36 60
95 -70
86 44
-61 73
98 21
-47 -24
87 23
96 19
41 23
96 16
89 52
-95 -74
-14 -15
75 17
-76 -38
75 -75
-45 60
-43 70
43 -59
15 -4
72 -6
-83 20
91 12
87 66
-18 32
-64 83
-91 -76
9 -59
59 -5
10 -64
-39 83
-5 -15
-93 -32
-38 52
-52 3
97 29
-51 73
-15 66
32 -60
25 -28
-93 67
91 61
55 -83
-36 -48
-12 14
-51 74
-89 2
70 44
-3 -81
22 84
-35 -3
-78 -29
-63 14
7 7
31 22
-11 84
45 39
8 -68
-16 -48
66 72
-1 72
-74 -85
60 10
-19 97
33 -91
6 55
78 99
-35 29
88 68
-10 24
8 -28
-89 31
15 -94
-42 -29
-57 51
-25 -75
92 -6
57 2
-49 52
61 -62
46 84
35 -80
1 -24
-56 -99
-23 -11
61 -14
69 86
92 24
95 -16
-65 -98
79 91
-15 -37
65 72
24 -58
-67 -84
-100 -62
-90 79
-93 36
-11 11
-100 -48
-10 66
4 14
-62 -40
-4 -52
-49 -66
-75 -16
47 -70
-98 -38
5 12
-20 -21
-31 38
-31 -20
68 -21
90 -24
-20 -91
28 42
-44 71
83 -68
-19 -53
-67 -69
-33 -16
14 -90
-28 -86
-22 -31
48 77
-33 58
91 69
-52 36
65 11
21 90
32 -55
68 -99
-67 41
40 3
35 -34
2 73
83 -98
69 -83
-62 -93
85 99
10 38
7 -48
41 -47
64 7
-3 6
3 -63
-62 81
-26 -28
27 -76
-58 -86
87 -38
-83 45
14 22
30 38
37 52
-58 -33
-29 99
-48 49
-44 -88
-30 -83
-46 53
-14 26
98 -55
-31 61
27 -23
40 -37
-92 -33
89 9
-53 -26
78 -29
-10 84
84 -80
69 62
26 88
-95 77
-18 49
-25 -88
-43 69
-18 -75
2 -22
41 -91
-24 94
3 2
76 -82
-59 2
-61 7
27 32
-54 75
63 -51
78 24
-27 69
81 -39
82 0
-23 90
-32 -36
-75 80
26 61
-37 2
-28 -70
-16 92
-49 13
-55 23
-2 78
79 -9
68 -38
-69 58
-81 93
-6 64
54 53
69 71
3 74
35 94
-52 -70
-88 51
-5 20
-66 -52
72 46
-24 -21
23 -30
32 -44
-86 -9
-16 63
-21 85
-10 30
-46 -67
59 -41
-47 9
-9 -5
98 2
74 -45
4 -7
91 -92
-60 -24
46 -33
-25 63
-94 -21
94 -59
78 -58
25 -26
-41 -32
27 79
-12 -81
-34 33
87 80
-65 -36
9 61
22 39
-85 -48
-29 62
25 14
93 47
40 -17
25 39
65 19
39 -50
81 -75
96 -81
52 -30
-98 -86
-70 -9
-96 89
29 -9
43 26
-12 -4
-90 -86
13 65
-100 55
-5 -46
25 -22
-20 -40
-63 -36
-17 -38
-16 85
51 87
-22 -14
-73 81
-28 -65
61 56
-95 67
82 -98
19 67
23 -53
1 20
98 70
82 -74
-9 -22
-8 -80
57 26
14 76
-86 9
-58 44
79 94
50 15
-18 -7
-5 7
-25 -84
-36 66
-14 50
20 17
44 -64
-33 2
-26 87
-35 59
-12 84
-55 79
-24 -46
-52 -13
54 -93
0 51
-42 -63
-95 47
14 -15
87 -79
39 52
89 7
62 -65
74 -44
67 88
24 -61
-81 -45
-38 69
-43 -53
-46 10
-87 -89
-100 55
-46 -76
9 58
79 68
21 -3
56 -30
5 -38
18 -30
-89 -21
19 -63
-7 35
-43 -10
37 7
69 -34
-23 43
-2 83
-93 -70
88 53
-27 -32
17 19
90 46
-92 -26
-4 -53
27 -22
16 7
95 98
-60 61
-32 -48
18 29
-28 -63
72 47
29 23
-72 79
-52 -31
89 1
-52 65
91 31
78 -92
-13 -12
47 -43
-93 55
-32 -6
46 99
-20 36
25 -84
16 5
-72 -2
-71 -55
-33 -44
9 -23
95 -92
-9 9
-30 86
-74 -31
-21 9
-36 26
-80 -62
90 32
-80 19
-13 -30
75 -3
47 -97
-99 55
-89 77
-94 -80
-72 -27
82 -99
40 19
40 -96
13 18
96 71
62 77
-39 -83
-12 52
74 -67
31 75
31 50
5 -70
-93 -16
4 -31
42 66
67 -16
-97 -24
-67 -41
30 -5
-33 46
24 26
-5 -71
33 37
71 83
11 7
-43 -46
-16 94
-70 15
36 -56
-90 34
70 -22
6 29
89 73
-80 39
-62 -29
97 -13
-32 62
-49 -55
-72 -99
-39 -78
-24 -9
-63 18
85 13
57 -33
-99 21
51 67
-4 23
-4 -90
1 -63
8 17
56 39
-47 -42
3 77
78 5
27 -17
27 -61
10 56
-79 64
-68 -53
69 78
-3 85
9 -28
-18 45
83 57
-74 84
-25 -57
1 83
60 29
-66 56
92 -10
-18 13
-79 19
-17 44
91 94
72 -33
-95 12
85 -79
67 14
-77 -33
-97 2
45 -50
85 -69
60 99
55 -3
39 46
-89 -1
-82 -79
65 -67
-73 -46
21 9
-79 52
25 -22
92 -94
-74 -8
94 -84
-82 81
-88 -8
-9 -97
-48 24
-30 98
-2 91
-87 -18
-33 -32
22 30
-61 -54
50 96
-26 -87
71 -24
20 -81
87 49
31 15
59 -95
60 -5
72 -50
-100 -88
-97 94
-72 -50
19 68
-1 -5
-6 93
41 -10
3 -56
-28 68
87 -25
-76 93
-40 26
-17 7
-97 -81
-79 -57
-93 27
21 -79
-76 -90
79 50
97 -5
-12 -70
20 -9
-12 82
50 -76
-1 60
53 -11
67 23
83 -87
84 -50
-7 86
-35 -95
79 0
-38 86
-12 -97
-50 93
-77 -14
29 -10
-28 44
20 -83
30 74
-37 -81
-6 -65
-51 -70
-68 -23
-85 85
91 25
77 -20
-81 22
-23 92
85 -41
45 27
-83 61
5 -73
96 -58
-84 -75
96 26
62 -20
-38 -58
20 63
48 -5
72 -13
20 -9
65 2
-6 39
50 -58
21 -69
92 -4
-25 39
81 -51
-74 -29
50 97
-71 74
-83 -36
-73 -56
-9 -11
76 27
71 -85
17 -4
87 36
31 63
47 38
86 -48
43 -9
-7 -39
-16 -24
-74 19
-6 -66
-2 -93
-49 -37
52 -23
57 -6
10 28
77 28
-84 79
-5 64
-46 47
52 94
-15 92
-95 -5
72 78
-50 -10
-24 98
-95 44
-93 27
-96 -91
3 11
-61 13
-59 65
45 -84
33 -90
57 92
86 39
32 -39
57 -29
-98 -11
79 29
-21 -48
48 -92
35 -16
-55 7
-82 -9
-95 49
14 -43
-74 98
-92 -89
-97 11
-98 18
79 41
65 -14
76 -12
69 67
-81 7
15 -52
-15 67
-26 -98
-54 30
-21 -8
1 -97
-99 46
9 27
90 62
-68 -35
-94 93
-69 63
-48 71
-10 -93
15 73
-78 9
-72 82
37 7
-63 2
46 83
86 -31
67 -52
27 39
-47 -72
-7 -30
-37 -63
-99 -48
75 -54
-46 -95
78 -34
75 21
3 52
-41 -96
-42 92
27 -51
-30 -95
-95 -35
-95 89
-83 32
-98 -90
-52 -37
-33 -83
-36 -99
58 -58
8 -30
91 -12
-59 -64
92 -54
-61 -48
-47 -50
-93 66
-68 -25
-36 -88
-3 89
51 -66
-51 -49
-79 99
52 16
10 -63
7 10
51 -81
-93 -50
-4 92
96 51
53 -13
-94 -50
-23 61
25 90
31 -6
28 74
-74 -18
-66 29
-55 99
-64 86
-51 55
26 -5
45 -100
92 -15
-64 93
-67 88
90 42
3 -61
81 -32
62 80
55 12
94 -58
71 33
32 -72
67 68
-25 20
-85 -84
-84 54
-61 12
5 60
0 -72
70 38
29 -9
11 -75
57 10
-78 -75
-33 -36
97 -83
97 90
58 -19
-99 64
32 85
39 68
-20 48
8 31
11 86
-24 -91
-48 -19
-42 -94
16 15
40 -85
-68 39
8 59
49 81
-37 -43
74 -41
-56 -84
85 6
-45 36
-33 -83
55 15
-24 78
-89 -68
90 -20
95 -31
-64 6
97 35
-6 -80
-98 -43
15 95
-94 -35
-67 -11
95 -49
39 70
88 -98
18 -94
36 -5
-21 46
-73 47
68 -31
28 -78
10 56
77 25
83 56
4 79
96 -50
39 10
13 81
52 -14
-59 -48
-42 -8
87 59
-43 46
-7 -33
-12 -16
-41 -87
22 -84
42 21
-23 -49
82 -23
27 33
-56 30
11 -82
4 57
-90 -37
55 45
-44 -80
67 -5
14 -34
50 -88
78 -98
-81 61
-18 0
51 13
90 12
-55 -15
-85 -31
-13 -59
99 26
90 43
-59 -91
81 -3
44 -51
15 48
13 -42
-87 -82
79 -9
43 -68
-3 -86
26 -54
31 -13
56 23
65 46
-28 95
38 64
25 -86
-36 31
81 -42
59 -92
-81 -52
-34 -28
63 84
-84 98
-88 -42
4 -35
52 -10
-87 -65
81 -40
-93 30
-54 -95
-80 -3
-71 23
82 -64
96 62
-90 41
-87 67
51 -71
-73 28
86 67
-68 91
-67 -10
-23 36
48 98
29 -42
-85 55
-47 75
-49 87
-77 -66
96 -67
74 -80
87 58
39 39
-81 -9
-42 66
9 -95
-53 -57
31 42
41 24
34 -68
87 -78
49 49
37 92
78 -100
-67 12
-16 26
-15 59
-50 -28
63 76
-5 -31
-74 73
68 -96
-1 -75
49 -48
-16 92
-86 -65
85 -77
68 15
16 -26
86 46
-27 1
-87 -29
-5 10
-14 -37
-15 -90
35 81
38 11
37 -44
-40 -63
81 -62
-74 -4
19 95
10 -89
-63 -61
86 78
-20 75
98 -89
-27 -55
-40 -55
-45 11
-55 45
-91 43
51 35
24 -2
-12 -89
7 5
-48 14
-23 78
-82 14
-7 14
-10 56
19 25
22 -60
-14 92
-45 82
28 -7
-64 -48
87 -11
87 87
50 11
68 -73
42 -91
88 -80
35 -81
-14 -94
14 80
-43 28
68 -67
77 79
61 -46
48 -68
-63 -59
30 36
-24 -76
-12 -31
-3 -74
-64 -44
-71 91
62 76
34 64
-4 -52
76 -52
-19 53
32 -3
3 -90
94 -7
35 -97
40 -69
-92 -83
-13 68
46 -4
52 36
-21 34
10 33
-3 -59
-10 -56
-56 93
-2 -82
-33 -23
-13 -70
-24 71
74 -18
-35 -89
80 -34
-66 -27
69 -81
7 33
-33 -26
-93 86
-72 78
74 -43
-98 -30
-12 -81
-4 1
31 8
-21 36
-82 -93
70 -95
-76 -17
57 51
70 -90
43 -22
4 -70
-84 -89
41 12
69 -56
14 15
-14 23
-76 55
-37 35
-29 56
15 -6
-49 -11
24 -14
89 -25
-14 -67
12 11
41 81
92 -84
-20 58
54 -15
-99 -99
25 -31
76 -61
74 49
-43 91
-15 -55
-14 25
63 -12
64 -89
-56 52
-85 -98
83 8
-23 9
-81 28
-87 9
11 73
94 66
-94 -64
37 70
13 32
78 47
-76 98
-13 -36
-25 87
-9 -97
57 -28
32 6
67 -8
72 61
-29 86
60 86
4 82
70 54
-23 -38
95 -41
58 90
41 73
89 82
69 80
35 -83
-11 -40
19 -8
84 73
35 -14
-75 57
-5 -94
40 85
-9 51
-86 10
21 68
11 61
34 -20
-38 -96
84 23
40 84
96 19
63 81
7 -33
6 -1
-92 94
52 31
16 3
-93 -8
54 59
-20 -79
34 -25
7 91
95 -32
43 22
6 31
-98 -64
69 2
70 17
-84 -72
-78 -24
-93 -75
-20 74
-82 -25
-66 -13
-40 72
-100 14
-43 94
-86 7
-71 -96
-13 10
46 -13
42 -11
-94 -33
-4 12
40 75
-100 -30
-55 -1
74 -20
68 -37
88 60
-73 -72
75 88
-53 -16
-11 89
-1 -71
-32 28
-82 97
-83 -90
22 76
51 -35
35 -86
13 3
84 32
48 -61
-100 4
-16 36
-24 -73
-37 -41
-99 -25
-44 4
-67 0
-50 25
35 -97
31 -33
32 -90
-76 -65
38 -81
52 -10
29 22
78 -48
40 -19
-40 -37
22 -84
-57 24
80 23
76 0
77 -87
68 -74
-55 12
-26 0
35 29
48 -49
41 -75
48 -48
4 -78
4 26
41 -56
-88 16
92 -84
39 -44
8 73
38 -33
-55 -15
49 7
59 -10
-81 -76
-25 -54
-29 68
72 68
90 71
-50 -23
-27 -54
15 91
-93 -14
-6 7
-20 -1
66 -98
-61 71
-22 64
-46 88
-88 89
-65 -74
46 -61
-93 6
-22 18
47 50
96 28
19 -79
-41 -37
71 -21
78 53
7 -97
74 -4
-40 46
-14 -96
93 -33
-55 -49
-10 -72
-13 91
-39 -50
-100 65
-55 -91
82 48
-88 16
95 -59
94 83
38 25
74 -47
99 13
17 -66
-47 -15
36 -37
-57 -2
-59 79
-71 30
-53 3
-36 81
29 -8
61 -54
-13 -7
-72 56
-66 -67
-14 67
-20 -92
94 -63
-26 49
-88 -52
-2 -89
42 -44
38 -8
47 71
4 86
-70 63
-91 -67
27 91
48 -52
-67 55
-26 82
42 19
8 54
-44 36
36 82
45 -32
-24 87
-21 -13
-90 -85
53 78
41 14
0 83
75 2
50 79
-14 -25
-91 35
-46 61
-33 51
-61 14
-4 23
44 76
15 -58
-19 -80
87 94
24 -56
10 -8
-24 -35
67 62
41 -97
-22 -31
-96 80
41 -13
90 -90
24 60
-16 -71
57 72
66 -72
-100 -28
-82 -52
-56 40
-68 42
59 54
17 -40
-37 26
47 -90
90 -7
32 3
13 -17
-56 22
4 89
62 28
8 -39
34 28
28 -40
52 52
-53 72
-21 37
97 -94
-15 48
58 -87
6 -68
36 49
84 -61
13 -99
91 -72
8 -83
-21 53
-67 68
-71 -87
17 62
-14 33
-30 64
23 17
-35 -80
-67 -92
92 -76
25 -9
30 -20
-18 9
-10 96
-87 -27
78 98
67 -8
-43 63
-23 48
-19 27
-9 64
-19 52
72 -86
74 -1
23 57
-52 67
-53 -100
9 31
27 29
54 99
50 40
85 -16
-100 17
-83 94
21 -23
93 -50
-98 65
79 -73
26 26
-65 6
-27 -51
-51 -16
67 20
-98 10
10 -6
86 8
45 -88
-19 23
18 45
74 -2
48 -61
-96 68
95 3
81 36
-58 21
22 -83
-47 -33
39 71
-67 -80
-34 -7
-98 -5
7 -96
28 -1
96 88
-14 -54
-63 70
38 87
-10 94
30 -15
-94 -29
-60 24
91 28
-49 -7
-35 -18
76 -63
32 31
36 30
81 -60
-72 -36
-38 77
47 -33
-46 -49
-55 -62
23 -4
19 27
-49 -18
62 60
-95 94
-71 66
-97 -29
54 -95
-13 35
27 -10
6 -32
-55 8
75 20
72 44
82 81
-71 69
-3 -42
40 0
-40 0
-5 2
-80 -82
-59 -24
-19 -77
59 95
-62 68
88 -62
46 -4
69 -67
77 -27
-46 41
10 12
22 -65
36 59
-40 -38
16 48
66 7
83 37
12 59
55 -84
36 -29
10 45
93 24
57 -92
-18 62
-45 -14
50 -12
24 66
25 -28
-14 -88
60 37
-56 55
-8 -21
-62 -73
-57 -96
-72 45
-58 79
3 -10
-50 -64
98 -88
-49 32
-79 -46
72 -99
-74 45
57 -51
87 12
-33 -31
0 -69
-89 11
-32 39
-64 -46
86 -52
-10 -21
-33 -11
-46 40
-27 -83
-29 5
-42 -54
43 95
-55 -64
1 -48
21 84
67 20
84 -78
13 78
85 -96
-48 1
32 71
-88 -6
86 99
-83 -34
23 -41
-43 -60
-64 34
22 -100
-48 -67
69 -77
44 74
48 36
-33 28
32 -87
14 -48
-77 36
82 -53
98 -65
-46 68
80 67
-92 77
-37 -63
-62 96
81 86
-91 -10
-84 50
-14 5
85 16
29 53
57 -31
57 96
-57 80
68 39
8 93
61 -78
51 -60
-23 21
17 -85
53 -33
10 -2
-52 14
-80 -22
95 -14
92 57
-73 24
-28 49
-18 36
-24 15
-39 -98
-76 36
76 -78
-5 27
-6 -95
-27 -88
10 -53
62 83
-87 10
48 34
-57 -92
-15 40
-58 -30
59 57
-75 -24
-22 -65
23 -14
-40 2
81 -49
-44 55
67 -24
-25 -19
-84 -71
-9 89
23 -70
-62 -61
32 67
89 23
-67 74
-50 48
35 -42
-4 -20
82 -42
9 56
-37 15
91 18
99 82
63 -33
-92 -84
-54 -46
-55 32
-49 -64
12 77
3 92
-7 45
55 5
85 -72
-61 -49
59 19
-65 0
70 74
56 78
97 70
86 -29
25 -94
-10 84
-80 22
-48 -7
-15 32
-23 55
-87 78
59 84
-65 50
-30 50
-98 46
20 -43
87 73
43 -72
-1 85
43 -19
-83 76
-1 -67
-22 -63
22 51
-42 63
-6 99
36 -29
-78 -47
55 71
-30 -56
1 57
30 90
71 -60
-75 -75
-42 -30
-53 20
5 -25
13 46
-51 83
47 -65
86 7
31 93
98 22
-54 5
49 53
10 -32
-90 -98
-58 93
-82 81
-48 -80
40 -23
52 -49
49 98
81 -83
-96 98
-43 -20
-27 91
-35 40
-55 -29
-76 -37
31 46
48 -13
-20 42
-25 43
15 -2
27 27
30 -45
-47 -68
-51 -21
-23 87
-33 -46
97 -13
-73 -7
16 -86
-22 -27
-81 41
80 61
-45 20
-85 -40
10 31
-90 30
37 -62
-78 41
72 43
30 -29
-23 -50
37 49
-58 -74
-59 16
89 59
-48 -29
-68 61
-67 -68
-56 -60
23 -100
30 54
44 -15
-74 -33
62 18
90 99
-99 -8
94 -81
-54 -10
-94 88
47 -61
10 48
-39 51
35 -6
34 -54
-54 79
-14 -43
43 76
95 82
1 21
-28 58
-98 -57
-38 -75
-33 96
37 -40
-1 -26
74 -16
88 -91
4 87
-67 -25
-45 90
-52 -69
59 -7
-73 43
-84 54
-36 28
23 -59
-34 -81
67 38
98 34
60 4
41 -2
-41 34
-27 29
-96 15
6 6
37 -89
-44 6
-51 -4
-98 -16
64 -83
-42 -81
-62 -12
-74 25
-89 -95
10 76
-26 71
-43 -49
32 -14
-99 30
88 -12
-48 -41
65 -23
73 8
92 66
84 27
-2 9
97 -58
67 36
-6 75
51 30
1 56
59 78
-36 58
-12 -9
31 -83
-23 -24
53 83
-8 -58
-91 -22
58 -64
45 93
87 -44
45 -6
-79 55
-15 91
47 73
51 39
-3 6
49 67
84 38
66 -68
-84 -87
-44 -28
2 -40
-4 -83
62 -88
-79 94
-60 49
-44 18
9 -38
-65 -6
-67 -44
14 38
-43 -18
72 -85
-53 93
-93 -9
15 -37
23 -85
-68 -83
82 72
18 94
-5 -97
21 58
72 52
-54 82
-62 59
-3 -69
-35 4
19 54
48 -62
29 66
82 7
22 -56
-87 -43
-71 54
0 95
50 -1
-42 47
-1 -77
-95 -70
90 -3
28 95
-1 -61
46 94
84 70
-11 -54
53 -35
9 -29
-20 -73
33 -26
-78 -38
61 85
32 72
48 71
-98 -68
-19 5
1 44
35 62
56 52
23 -19
-21 -8
57 -88
-65 84
-89 -82
-8 15
77 44
29 14
-61 -9
-38 -38
-54 39
-56 -84
60 27
-11 45
-2 -52
-19 97
-11 73
37 61
45 98
-84 72
-61 9
-47 -39
75 69
-40 35
97 66
5 -26
-9 95
22 50
-53 -97
-49 64
61 -3
-30 33
-54 -97
53 -93
31 43
-48 70
83 23
-56 6
-59 10
-23 -44
30 90
85 34
-16 73
77 7
-77 -16
81 80
-35 85
40 -48
-89 11
-45 -7
-85 -5
-82 7
65 98
-39 -86
-30 58
48 38
-28 52
26 33
93 9
93 3
-65 -84
53 74
78 1
64 -55
-9 90
-63 -81
-21 -42
-91 -93
-79 96
55 -30
60 -9
95 -45
41 -68
-7 21
76 -14
2 -62
-87 -88
13 -92
-95 43
-15 -71
-51 -4
7 22
29 -20
-72 16
86 2
45 83
91 46
30 41
-38 32
-82 76
-86 -61
-97 -28
-68 79
23 -32
-3 -62
-14 60
-17 -2
30 93
-39 64
-33 59
42 99
-3 -88
53 33
-83 -72
56 68
59 -65
8 70
2 62
-70 40
30 77
37 -21
78 -83
-90 72
37 8
-33 -76
-77 56
20 62
-53 21
1 -74
46 -35
-48 -43
79 5
-33 60
-47 -19
-42 -51
28 83
-100 96
20 -42
67 63
87 -91
65 86
0 62
-17 -62
-36 0
17 84
93 62
-33 69
-18 73
-94 -14
35 35
-30 -35
-87 -85
-74 -77
86 33
43 45
31 25
-61 -40
-50 84
-16 23
-41 -34
-72 53
22 -95
78 -5
81 56
-57 84
-99 -32
-64 14
37 -86
0 -38
-93 -25
52 95
-93 -10
-26 91
-34 -42
24 10
-37 26
31 53
-52 86
-6 -39
97 82
-98 38
-48 99
65 -62
0 41
-84 -35
-88 7
98 68
11 -80
-22 -76
35 78
-44 -98
7 98
36 39
-100 8
-10 83
21 97
48 -8
31 73
14 14
31 83
-57 -18
-98 -4
16 -59
-83 13
-57 46
0 52
3 -1
-62 -92
16 91
74 90
88 58
-98 -5
-80 -12
54 -15
-31 34
68 -62
34 12
5 70
-16 -50
96 22
-73 27
79 -4
-44 30
-27 -83
-92 24
-18 -52
-5 48
-64 -15
22 16
-98 43
81 91
-45 71
41 15
17 60
-65 77
-43 -35
13 -38
44 -64
-95 70
-6 -83
-83 -87
13 77
-86 13
81 50
-55 36
-20 35
6 -74
41 -13
-100 -100
29 -90
-25 -65
-51 86
74 88
58 93
62 80
45 -47
82 80
-55 -41
61 48
-64 -74
61 -94
-68 -32
56 -80
72 25
35 8
43 1
-60 -90
98 44
-11 66
46 9
14 -49
83 -56
3 -4
96 -72
-94 -36
-30 84
-47 20
-8 -46
79 61
-31 -36
17 14
-24 64
8 9
-24 -26
35 97
-52 74
-82 -51
45 84
64 -27
37 -7
-22 71
-57 59
-87 31
-8 -13
51 92
-42 13
-23 -80
-18 34
61 85
82 58
-16 -4
46 82
18 -45
28 -57
-11 -17
-46 -34
-75 67
-50 -51
36 91
83 -6
-93 -61
-89 94
-20 -16
-31 -7
-49 -59
-10 -97
37 -12
43 88
-69 -44
-9 -29
-11 20
-61 -3
46 -33
-42 -11
83 -66
-27 93
87 42
-74 -16
30 -80
-87 -53
-98 33
-79 3
-9 40
48 16
88 -25
47 -61
36 -71
-4 87
-72 -66
-32 6
0 -88
54 -7
29 -61
-89 33
80 -41
93 -75
28 83
-25 66
-17 72
99 75
-86 -29
-48 46
-15 2
-12 1
-93 14
-22 56
-99 -41
-49 84
17 30
42 -38
-61 -2
-67 35
1 68
-8 -40
-65 84
-93 -9
89 -99
-45 -88
13 -25
89 43
-49 -28
32 -33
-49 -48
34 35
49 69
-81 -24
63 89
9 -96
-36 -83
53 -99
-56 -49
-48 13
25 -67
8 7
-98 -62
-38 -3
16 -47
-43 94
-19 68
-11 91
-80 -69
-80 -40
-36 35
52 29
-18 -20
31 -42
71 26
59 83
-58 -52
-62 -80
-31 -56
-51 0
-53 86
54 6
-51 28
59 95
-45 -31
-95 79
-40 19
99 9
19 42
-80 -18
-35 -10
38 32
52 -41
3 28
-71 73
59 52
-90 -24
-96 -35
-40 -41
29 64
-5 15
86 -14
47 8
-98 37
-81 -33
57 -77
7 -64
-5 -52
76 -89
84 50
-46 57
-67 44
-91 -36
24 90
54 -78
37 -47
-9 -99
9 -24
-87 -62
-43 -36
-13 85
-79 67
-85 46
57 -31
-81 43
1 41
-63 -26
38 -14
-24 -53
-79 -38
-33 82
36 10
86 10
1 97
-39 52
37 58
25 0
-54 10
79 -8
-64 -97
-3 99
-75 -11
27 34
33 63
78 -96
38 54
-35 97
-40 -26
-28 -97
55 61
19 33
-66 -56
7 -55
37 -68
88 -14
-63 25
66 -15
71 -86
78 -6
-50 -43
-89 8
-43 88
-37 -72
-68 17
-70 -13
-80 39
36 50
47 -94
91 -57
-19 -64
62 79
-84 -29
-15 -20
74 39
96 -85
-25 76
65 -92
88 33
-98 80
-33 72
-36 -67
35 -61
98 52
47 -18
18 89
20 -72
-49 -68
-35 -12
-73 37
4 91
68 -76
84 80
-35 -15
-35 72
-3 -33
-48 -16
-25 61
13 87
-79 -27
-86 -88
92 -8
-24 34
-78 -56
33 41
33 -98
-74 -63
-83 -47
38 62
-14 -66
-46 55
91 83
-4 6
-54 -34
-8 61
73 -33
11 6
93 66
-90 88
29 67
69 -5
32 -86
-33 47
9 2
36 -95
12 96
31 42
-99 3
70 -72
89 -53
-34 -86
20 63
-19 78
18 -35
85 -57
38 -53
-86 6
-46 -78
24 -19
-61 63
11 -87
55 3
-93 -57
-29 8
55 29
43 -88
27 74
4 -85
-67 -92
-97 -78
-79 -82
24 41
64 -65
-31 30
-54 -60
-95 8
-89 57
52 13
-79 70
-1 75
88 29
3 94
62 15
-24 -93
81 95
65 -21
73 -98
-62 -59
72 -11
29 7
67 -82
27 35
-100 30
1 -20
-45 -79
50 52
-1 95
-37 -95
-88 -39
-92 39
70 93
48 73
66 43
84 86
-55 38
8 14
-99 -88
-6 -64
-32 -99
74 47
0 23
-29 -23
-18 51
64 34
-75 -53
-60 72
-3 95
-9 40
26 -37
54 -25
41 23
-13 -38
-50 -6
-53 82
29 18
94 -78
-1 81
32 -35
99 33
80 -52
-80 -76
71 73
13 -31
-15 -86
-58 -60
15 -61
-47 83
-70 -97
85 4
-78 -23
-49 -34
-52 -84
-67 2
-64 32
81 -68
-92 68
41 53
75 32
-2 -45
-53 -40
-49 40
-24 62
65 -44
60 6
35 50
69 35
3 87
-59 -83
1 37
21 -71
98 -66
88 -18
66 39
94 15
75 -36
-95 93
56 78
-66 -19
39 21
-76 47
-18 -26
-87 93
62 85
-26 -45
-16 -37
-2 96
-70 -18
74 -62
53 96
-40 68
62 -20
-42 -83
-50 -30
91 -56
91 89
-84 67
12 -75
63 -71
-16 -26
-10 89
37 21
55 88
78 67
15 29
-50 -17
63 28
45 64
-66 73
69 96
37 77
-3 13
38 53
83 -91
-16 -47
-57 -81
40 74
14 80
48 -52
77 -56
27 -37
43 79
43 -58
67 -11
-63 29
7 36
-51 26
-20 -96
65 40
93 -85
86 -51
75 -64
69 27
27 -59
-15 17
32 4
-64 -88
-94 -24
17 79
9 73
10 6
-68 68
24 11
-49 -36
-21 -11
-9 97
85 -34
45 -34
-40 54
-77 -28
28 45
10 8
36 64
-4 -32
-58 -47
59 57
-23 4
-85 43
-92 -99
-58 -33
-84 -13
5 33
52 -99
56 -98
-26 -88
9 79
-13 55
-29 71
-60 -77
-72 19
-24 -18
86 39
-17 53
6 -99
-80 -9
30 49
-18 -64
-62 88
90 86
50 46
25 -83
24 -40
-69 65
40 47
-33 -77
5 69
8 43
-51 -57
97 43
86 55
-44 -83
-94 -31
-43 -9
-23 96
42 99
68 -72
-60 -81
36 -8
-60 -77
-53 -23
-54 7
-98 4
48 6
-98 -97
59 45
14 88
-43 67
-42 -28
-32 -34
-34 36
16 62
34 -66
-21 8
31 -30
47 19
78 30
-65 45
-96 80
84 83
-20 -94
46 -5
-38 94
-33 56
-78 -27
61 -13
-98 -60
-73 -23
37 36
-94 6
77 -32
51 6
-97 55
-13 86
21 -93
65 -77
-30 -99
47 -36
-80 -15
58 66
-46 -58
-65 19
48 -44
44 -38
68 -15
5 50
-92 -3
-96 -44
94 -88
71 -9
-33 15
-32 37
-99 37
74 68
34 -79
-85 32
-97 40
96 -50
-36 51
-64 40
-57 84
-19 -6
50 -49
-85 -15
29 -3
-88 87
-24 96
-15 -67
-99 -23
-50 -40
44 -13
-72 -83
-80 48
-1 -76
17 -16
-79 -12
82 12
63 2
40 -16
81 31
18 -31
-83 46
31 94
-77 2
14 32
71 -75
94 -41
59 99
76 -86
-49 -42
-2 -7
57 -28
26 -68
-31 -28
-97 -34
-13 -50
48 21
-33 4
59 -21
63 -10
-33 -27
-16 35
34 -38
-72 -57
-46 10
55 -21
3 52
37 12
85 -70
-52 -94
-92 40
-38 36
92 57
88 29
72 51
-75 52
-13 91
-47 9
5 73
-64 -18
13 59
-37 43
-44 69
51 -100
58 93
33 99
-13 67
-24 47
-71 -20
-69 -36
-84 53
44 -92
18 -45
81 50
-68 -77
34 -83
60 -3
-34 97
98 68
13 69
69 56
-25 -53
46 -92
-12 51
-84 75
28 -28
-20 84
92 -75
75 98
73 73
42 59
-44 7
-43 2
-77 -25
-56 -93
15 36
35 65
74 91
42 -66
-91 -86
-14 10
-5 -10
15 67
17 -13
-40 -58
-99 -57
50 54
-92 -91
-64 59
66 -69
20 -67
98 -18
-27 -93
-59 24
-9 67
-22 -97
-55 77
-4 73
-88 12
54 -86
-91 -76
78 7
16 11
-29 86
70 53
86 -63
19 -58
-51 36
-87 44
-36 -57
-54 4
-67 42
-33 -57
55 30
-4 -21
-45 9
-84 5
-84 -67
71 -16
-63 -13
-23 -7
35 75
-36 48
-55 37
80 -23
81 9
-49 78
-79 -86
44 -30
1 76
-63 92
-3 56
41 -95
-11 -34
5 12
58 -21
-94 82
31 -7
-70 -30
47 28
-63 62
40 -20
-5 -60
10 13
-59 91
84 -89
67 -22
-65 -67
-1 -40
72 -23
8 -95
39 -18
76 14
37 -30
98 58
-27 -16
65 87
-73 65
-21 -88
-97 37
48 20
51 39
73 -33
27 38
-85 -28
-71 -48
34 23
90 69
91 -38
73 27
63 42
29 -54
-89 -20
-8 57
-54 -58
15 -52
87 47
-86 -34
-96 60
85 -6
46 72
-5 -86
35 -68
-53 -63
64 27
-31 -80
-82 28
60 50
7 81
-76 -47
1 54
1 39
57 -60
-99 -33
61 61
33 38
52 -41
-8 81
-82 -12
67 39
11 35
-85 -64
86 29
10 75
-72 -54
52 -14
77 -19
22 -95
-28 34
-52 -25
-87 86
-55 33
-34 17
57 -11
-72 -15
72 24
12 -9
-80 87
62 -49
-3 -17
21 43
-76 -99
-94 -1
-67 46
-79 -70
68 -67
67 -66
4 -86
-45 85
-78 -39
86 -16
75 94
81 -2
49 48
-69 -4
-61 98
99 52
-97 -37
62 57
88 89
-78 35
22 56
22 41
27 -74
-13 78
-86 1
-4 -75
-24 41
-11 -71
25 -75
76 -28
77 16
32 75
33 32
21 -54
81 -27
81 44
-63 3
-19 4
-66 16
-82 21
46 -52
89 -34
-5 -78
-100 -69
-45 73
-59 76
3 84
17 73
-81 88
-39 -62
34 -99
-44 95
-1 72
-60 -10
-89 -15
33 -90
-24 57
32 -26
-43 24
-3 32
-40 13
-3 38
-36 63
4 66
-95 -17
-64 17
12 39
-37 -55
35 63
-52 -44
-34 -2
-45 33
-92 43
-33 39
-29 -35
30 16
-94 31
-53 80
46 -30
54 51
-32 3
95 42
87 81
-4 -90
-34 22
-80 45
-22 33
-72 -72
19 -62
-44 -5
63 91
-26 86
18 69
-60 -27
-76 -83
20 46
-12 -55
78 15
26 -24
50 -26
71 44
-71 23
3 -50
-60 -43
4 -78
65 -4
-17 -33
-63 92
-35 53
70 -71
75 -58
-13 -9
58 -85
-9 -83
-57 -64
81 94
-31 -85
-83 -90
-32 24
46 -43
54 24
92 -36
-44 89
42 81
62 21
15 13
56 37
52 54
71 14
51 96
42 -85
82 -16
-6 63
-13 51
-92 14
91 85
-51 14
-45 83
16 5
79 98
-37 -22
67 -6
-51 -81
-15 -29
-33 -80
87 88
-28 61
24 21
-28 19
85 -89
97 -67
47 76
11 98
4 -97
53 -73
-43 -17
77 68
39 -76
-4 -74
99 -76
65 15
-23 38
-40 -63
8 53
17 -16
17 -6
-78 -34
-36 -83
72 34
61 68
-97 -23
-55 -81
95 33
59 84
60 -9
-93 10
-51 25
15 -64
41 -39
45 75
-31 -42
-24 -37
-20 -8
78 41
-39 -96
-19 39
10 -83
50 26
-38 6
49 -39
72 74
0 8
-4 73
-66 67
42 -62
-52 79
94 64
-92 25
-82 -74
-70 86
-23 -69
-52 11
89 40
98 98
-88 -97
78 -1
-92 36
9 -70
97 -44
-6 43
-26 -9
-93 -5
72 -31
-53 67
53 90
-79 -22
41 83
-25 -78
72 -17
-14 -27
72 84
20 -36
-54 32
89 81
-24 -57
-13 -65
30 3
24 -54
-86 2
-56 71
-99 19
2 -82
-60 43
78 77
-98 64
49 -36
-19 27
-41 -79
55 27
23 -52
-16 -69
34 62
-92 -86
-31 -90
82 -78
42 13
31 83
-22 96
26 23
-12 -44
-27 28
-45 89
62 6
85 -33
15 -31
-47 8
-78 51
18 39
50 -69
-47 39
-48 32
15 47
-4 36
-89 46
-98 -78
2 -49
92 -25
33 10
77 55
76 19
79 -56
48 -71
69 -98
-67 -34
-95 19
-49 -62
38 -91
-3 18
-36 -66
-92 9
60 -33
-6 10
72 5
-40 80
-1 1
46 -64
-82 -22
-20 -54
12 87
6 13
4 -31
-70 57
-73 -58
-72 28
-63 -8
11 -64
-2 49
-46 57
37 -29
72 -34
-45 88
-33 -30
16 -27
-88 -1
-87 80
-99 18
-73 -31
11 -68
60 -46
-2 39
75 49
-50 -91
19 -75
-4 -43
-25 -92
97 -79
-57 30
55 -36
63 12
-8 67
-63 28
97 -54
-22 -36
-29 -40
51 -62
39 69
31 -22
4 89
-54 -98
-90 -100
73 22
-96 -93
-77 -83
29 12
-69 39
-33 73
-81 -31
-15 -83
-71 -3
-13 56
-22 81
-41 -74
68 61
63 15
16 -86
-12 73
33 -59
-42 -55
57 56
-5 39
13 40
61 15
-16 -16
82 -53
55 -35
-54 -79
-100 -67
94 -42
73 68
34 57
-17 -59
-65 -77
-80 -84
24 -7
85 29
-31 72
-61 -2
82 -69
-70 -25
40 16
38 85
-81 39
97 38
-42 65
-25 22
16 92
67 10
26 51
96 87
-32 -98
74 81
-21 38
21 65
-60 -86
-18 51
36 81
20 -80
10 7
-75 -31
91 20
13 0
-90 7
-90 -68
-80 -12
-58 -93
88 -12
78 69
34 -80
-66 -1
-98 75
8 16
-11 39
98 80
-51 51
-28 -77
-25 92
-48 37
69 -15
25 -38
-31 89
-70 68
-11 -42
-22 60
-88 -77
50 -36
32 -86
5 -42
90 -79
25 -44
-21 -61
-68 97
34 7
44 -16
-2 3
-55 -30
90 68
78 -73
39 -21
-46 -92
-28 51
18 -95
-85 56
30 -77
-69 58
97 -45
-96 11
70 81
-83 38
93 14
84 16
-64 90
69 26
57 66
74 9
-40 -88
69 98
6 30
6 36
-6 -64
-9 37
-100 -56
77 -5
85 70
-15 95
-37 31
21 -79
48 -49
-83 -9
52 -43
-79 43
-7 64
-5 42
-21 99
-64 -99
-10 25
21 27
75 -9
-39 -1
-54 60
-57 -2
20 9
12 65
-92 -80
-23 29
-76 12
-24 -1
-59 17
16 71
24 -28
50 4
-68 -85
-42 -77
-26 59
-29 -29
70 20
81 15
-68 -58
-38 -7
74 92
4 -9
42 98
-33 80
4 36
60 84
-60 80
47 10
-14 -28
83 -95
-23 60
-67 -45
22 99
-59 66
-40 54
46 3
46 86
37 -50
82 -11
-75 -96
40 -62
-81 85
-52 81
-95 66
72 -14
-54 89
96 -99
-100 -69
98 18
-76 -59
-4 -90
96 70
72 -58
31 -15
-10 54
93 8
-54 82
63 64
30 -54
32 21
-38 -46
-45 30
62 -42
